<Qucs Dataset 0.0.20>
<indep frequency 300>
  +8.00000000000000000000e+09
  +8.01337792642140483856e+09
  +8.02675585284280967712e+09
  +8.04013377926421451569e+09
  +8.05351170568561840057e+09
  +8.06688963210702323914e+09
  +8.08026755852842807770e+09
  +8.09364548494983291626e+09
  +8.10702341137123775482e+09
  +8.12040133779264259338e+09
  +8.13377926421404647827e+09
  +8.14715719063545131683e+09
  +8.16053511705685615540e+09
  +8.17391304347826099396e+09
  +8.18729096989966583252e+09
  +8.20066889632107067108e+09
  +8.21404682274247455597e+09
  +8.22742474916387939453e+09
  +8.24080267558528423309e+09
  +8.25418060200668907166e+09
  +8.26755852842809391022e+09
  +8.28093645484949874878e+09
  +8.29431438127090263367e+09
  +8.30769230769230747223e+09
  +8.32107023411371231079e+09
  +8.33444816053511714935e+09
  +8.34782608695652198792e+09
  +8.36120401337792682648e+09
  +8.37458193979933071136e+09
  +8.38795986622073554993e+09
  +8.40133779264214038849e+09
  +8.41471571906354522705e+09
  +8.42809364548495006561e+09
  +8.44147157190635490417e+09
  +8.45484949832775878906e+09
  +8.46822742474916362762e+09
  +8.48160535117056846619e+09
  +8.49498327759197330475e+09
  +8.50836120401337814331e+09
  +8.52173913043478298187e+09
  +8.53511705685618686676e+09
  +8.54849498327759170532e+09
  +8.56187290969899654388e+09
  +8.57525083612040138245e+09
  +8.58862876254180622101e+09
  +8.60200668896321105957e+09
  +8.61538461538461494446e+09
  +8.62876254180602073669e+09
  +8.64214046822742462158e+09
  +8.65551839464883041382e+09
  +8.66889632107023429871e+09
  +8.68227424749163818359e+09
  +8.69565217391304397583e+09
  +8.70903010033444786072e+09
  +8.72240802675585365295e+09
  +8.73578595317725753784e+09
  +8.74916387959866142273e+09
  +8.76254180602006721497e+09
  +8.77591973244147109985e+09
  +8.78929765886287689209e+09
  +8.80267558528428077698e+09
  +8.81605351170568466187e+09
  +8.82943143812709045410e+09
  +8.84280936454849433899e+09
  +8.85618729096990013123e+09
  +8.86956521739130401611e+09
  +8.88294314381270980835e+09
  +8.89632107023411369324e+09
  +8.90969899665551757812e+09
  +8.92307692307692337036e+09
  +8.93645484949832725525e+09
  +8.94983277591973304749e+09
  +8.96321070234113693237e+09
  +8.97658862876254272461e+09
  +8.98996655518394660950e+09
  +9.00334448160535049438e+09
  +9.01672240802675628662e+09
  +9.03010033444816017151e+09
  +9.04347826086956596375e+09
  +9.05685618729096984863e+09
  +9.07023411371237373352e+09
  +9.08361204013377952576e+09
  +9.09698996655518341064e+09
  +9.11036789297658920288e+09
  +9.12374581939799308777e+09
  +9.13712374581939697266e+09
  +9.15050167224080276489e+09
  +9.16387959866220664978e+09
  +9.17725752508361244202e+09
  +9.19063545150501632690e+09
  +9.20401337792642211914e+09
  +9.21739130434782600403e+09
  +9.23076923076922988892e+09
  +9.24414715719063568115e+09
  +9.25752508361203956604e+09
  +9.27090301003344535828e+09
  +9.28428093645484924316e+09
  +9.29765886287625503540e+09
  +9.31103678929765892029e+09
  +9.32441471571906280518e+09
  +9.33779264214046859741e+09
  +9.35117056856187248230e+09
  +9.36454849498327827454e+09
  +9.37792642140468215942e+09
  +9.39130434782608795166e+09
  +9.40468227424749183655e+09
  +9.41806020066889572144e+09
  +9.43143812709030151367e+09
  +9.44481605351170539856e+09
  +9.45819397993310928345e+09
  +9.47157190635451507568e+09
  +9.48494983277591896057e+09
  +9.49832775919732475281e+09
  +9.51170568561872863770e+09
  +9.52508361204013442993e+09
  +9.53846153846153831482e+09
  +9.55183946488294219971e+09
  +9.56521739130434799194e+09
  +9.57859531772575187683e+09
  +9.59197324414715766907e+09
  +9.60535117056856155396e+09
  +9.61872909698996734619e+09
  +9.63210702341137123108e+09
  +9.64548494983277511597e+09
  +9.65886287625418090820e+09
  +9.67224080267558479309e+09
  +9.68561872909699058533e+09
  +9.69899665551839447021e+09
  +9.71237458193980026245e+09
  +9.72575250836120414734e+09
  +9.73913043478260803223e+09
  +9.75250836120401382446e+09
  +9.76588628762541770935e+09
  +9.77926421404682350159e+09
  +9.79264214046822738647e+09
  +9.80602006688963127136e+09
  +9.81939799331103706360e+09
  +9.83277591973244094849e+09
  +9.84615384615384674072e+09
  +9.85953177257525062561e+09
  +9.87290969899665451050e+09
  +9.88628762541806030273e+09
  +9.89966555183946418762e+09
  +9.91304347826086997986e+09
  +9.92642140468227386475e+09
  +9.93979933110367965698e+09
  +9.95317725752508354187e+09
  +9.96655518394648742676e+09
  +9.97993311036789321899e+09
  +9.99331103678929710388e+09
  +1.00066889632107028961e+10
  +1.00200668896321067810e+10
  +1.00334448160535125732e+10
  +1.00468227424749164581e+10
  +1.00602006688963203430e+10
  +1.00735785953177261353e+10
  +1.00869565217391300201e+10
  +1.01003344481605358124e+10
  +1.01137123745819396973e+10
  +1.01270903010033454895e+10
  +1.01404682274247493744e+10
  +1.01538461538461532593e+10
  +1.01672240802675590515e+10
  +1.01806020066889629364e+10
  +1.01939799331103668213e+10
  +1.02073578595317726135e+10
  +1.02207357859531784058e+10
  +1.02341137123745822906e+10
  +1.02474916387959861755e+10
  +1.02608695652173919678e+10
  +1.02742474916387958527e+10
  +1.02876254180601997375e+10
  +1.03010033444816055298e+10
  +1.03143812709030094147e+10
  +1.03277591973244152069e+10
  +1.03411371237458190918e+10
  +1.03545150501672248840e+10
  +1.03678929765886287689e+10
  +1.03812709030100326538e+10
  +1.03946488294314384460e+10
  +1.04080267558528423309e+10
  +1.04214046822742481232e+10
  +1.04347826086956520081e+10
  +1.04481605351170578003e+10
  +1.04615384615384616852e+10
  +1.04749163879598655701e+10
  +1.04882943143812713623e+10
  +1.05016722408026752472e+10
  +1.05150501672240791321e+10
  +1.05284280936454849243e+10
  +1.05418060200668907166e+10
  +1.05551839464882946014e+10
  +1.05685618729096984863e+10
  +1.05819397993311042786e+10
  +1.05953177257525081635e+10
  +1.06086956521739120483e+10
  +1.06220735785953178406e+10
  +1.06354515050167217255e+10
  +1.06488294314381275177e+10
  +1.06622073578595314026e+10
  +1.06755852842809371948e+10
  +1.06889632107023410797e+10
  +1.07023411371237449646e+10
  +1.07157190635451507568e+10
  +1.07290969899665546417e+10
  +1.07424749163879604340e+10
  +1.07558528428093643188e+10
  +1.07692307692307701111e+10
  +1.07826086956521739960e+10
  +1.07959866220735778809e+10
  +1.08093645484949836731e+10
  +1.08227424749163875580e+10
  +1.08361204013377914429e+10
  +1.08494983277591972351e+10
  +1.08628762541806030273e+10
  +1.08762541806020069122e+10
  +1.08896321070234107971e+10
  +1.09030100334448165894e+10
  +1.09163879598662204742e+10
  +1.09297658862876243591e+10
  +1.09431438127090301514e+10
  +1.09565217391304340363e+10
  +1.09698996655518398285e+10
  +1.09832775919732437134e+10
  +1.09966555183946495056e+10
  +1.10100334448160533905e+10
  +1.10234113712374572754e+10
  +1.10367892976588630676e+10
  +1.10501672240802669525e+10
  +1.10635451505016727448e+10
  +1.10769230769230766296e+10
  +1.10903010033444824219e+10
  +1.11036789297658863068e+10
  +1.11170568561872901917e+10
  +1.11304347826086959839e+10
  +1.11438127090300998688e+10
  +1.11571906354515056610e+10
  +1.11705685618729095459e+10
  +1.11839464882943153381e+10
  +1.11973244147157192230e+10
  +1.12107023411371231079e+10
  +1.12240802675585289001e+10
  +1.12374581939799327850e+10
  +1.12508361204013366699e+10
  +1.12642140468227424622e+10
  +1.12775919732441482544e+10
  +1.12909698996655521393e+10
  +1.13043478260869560242e+10
  +1.13177257525083618164e+10
  +1.13311036789297657013e+10
  +1.13444816053511695862e+10
  +1.13578595317725753784e+10
  +1.13712374581939792633e+10
  +1.13846153846153850555e+10
  +1.13979933110367889404e+10
  +1.14113712374581947327e+10
  +1.14247491638795986176e+10
  +1.14381270903010025024e+10
  +1.14515050167224082947e+10
  +1.14648829431438121796e+10
  +1.14782608695652179718e+10
  +1.14916387959866218567e+10
  +1.15050167224080276489e+10
  +1.15183946488294315338e+10
  +1.15317725752508354187e+10
  +1.15451505016722412109e+10
  +1.15585284280936450958e+10
  +1.15719063545150489807e+10
  +1.15852842809364547729e+10
  +1.15986622073578605652e+10
  +1.16120401337792644501e+10
  +1.16254180602006683350e+10
  +1.16387959866220741272e+10
  +1.16521739130434780121e+10
  +1.16655518394648818970e+10
  +1.16789297658862876892e+10
  +1.16923076923076915741e+10
  +1.17056856187290973663e+10
  +1.17190635451505012512e+10
  +1.17324414715719070435e+10
  +1.17458193979933109283e+10
  +1.17591973244147148132e+10
  +1.17725752508361206055e+10
  +1.17859531772575244904e+10
  +1.17993311036789302826e+10
  +1.18127090301003341675e+10
  +1.18260869565217399597e+10
  +1.18394648829431438446e+10
  +1.18528428093645477295e+10
  +1.18662207357859535217e+10
  +1.18795986622073574066e+10
  +1.18929765886287631989e+10
  +1.19063545150501670837e+10
  +1.19197324414715728760e+10
  +1.19331103678929767609e+10
  +1.19464882943143806458e+10
  +1.19598662207357864380e+10
  +1.19732441471571903229e+10
  +1.19866220735785942078e+10
  +1.20000000000000000000e+10
</indep>
<dep S11_dB frequency>
  -1.29248798417543131478e+00
  -1.15843648149957245685e+00
  -1.04251103701482894515e+00
  -9.41995333998156270106e-01
  -8.54606542577302397135e-01
  -7.78425782092647233767e-01
  -7.11839010411983386106e-01
  -6.53487143276116788648e-01
  -6.02224198665835430688e-01
  -5.57082321407341596320e-01
  -5.17242643363952758762e-01
  -4.82011053080013240901e-01
  -4.50798071016838830527e-01
  -4.23102143531247865127e-01
  -3.98495775585617828529e-01
  -3.76614016700554055106e-01
  -3.57144896471950912265e-01
  -3.39821475687504981344e-01
  -3.24415237831034375393e-01
  -3.10730594908714019553e-01
  -2.98600322444656729459e-01
  -2.87881772481103526129e-01
  -2.78453741661131459750e-01
  -2.70213895014733473943e-01
  -2.63076665823547384271e-01
  -2.56971568697578534035e-01
  -2.51841877453947760035e-01
  -2.47643632162958121645e-01
  -2.44344951393428599928e-01
  -2.41925636801835375334e-01
  -2.40377068335741156391e-01
  -2.39702400085500838545e-01
  -2.39917079944549666015e-01
  -2.41049731626760466163e-01
  -2.43143456395997770159e-01
  -2.46257635637930794026e-01
  -2.50470346268297339165e-01
  -2.55881541897440889510e-01
  -2.62617207880351144489e-01
  -2.70834773970576536684e-01
  -2.80730173170335550736e-01
  -2.92547082711558048551e-01
  -3.06589092672917451488e-01
  -3.23235849537933717102e-01
  -3.42964662194050307065e-01
  -3.66379708485849164834e-01
  -3.94251955468483072931e-01
  -4.27574389137459709431e-01
  -4.67639438593159872948e-01
  -5.16149071186647434573e-01
  -5.75373765345044474451e-01
  -6.48385870445071565982e-01
  -7.39408239336131867248e-01
  -8.54344904889559053629e-01
  -1.00160496668338927506e+00
  -1.19340843031277943354e+00
  -1.44790095758264625303e+00
  -1.79265635557252700494e+00
  -2.27062022189011036843e+00
  -2.95050225335534088700e+00
  -3.94582223555427979989e+00
  -5.45326203809495346775e+00
  -7.84689028473178584733e+00
  -1.20143801323407970472e+01
  -2.18450477928125863514e+01
  -2.02280506063556622109e+01
  -1.18711403581386072403e+01
  -8.19445184047103936109e+00
  -6.07210198009362933647e+00
  -4.72311953965140318701e+00
  -3.81999732024874738556e+00
  -3.19473885614273633848e+00
  -2.75226501394486833263e+00
  -2.43567676678481781494e+00
  -2.20976282421027869773e+00
  -2.05240721556160599093e+00
  -1.94988949681309642337e+00
  -1.89429090600164284908e+00
  -1.88215627011303099358e+00
  -1.91402361827378775239e+00
  -1.99471436621042785831e+00
  -2.13452018288910183585e+00
  -2.35174758830790375796e+00
  -2.67767224234892120549e+00
  -3.16622239628412582846e+00
  -3.91376671130168096724e+00
  -5.10289147079316762756e+00
  -7.11416394832933196568e+00
  -1.09102885042815227479e+01
  -2.06653246652904414304e+01
  -1.68601763974205844931e+01
  -9.11917537178480586135e+00
  -5.67200394098459170777e+00
  -3.80131949079486330945e+00
  -2.71126524076918684614e+00
  -2.04957102611692087990e+00
  -1.63967816216113693173e+00
  -1.38991939094858185655e+00
  -1.25501813963055286472e+00
  -1.22136383927981162500e+00
  -1.31075715480151200332e+00
  -1.62121337853596969580e+00
  -2.52666958414946174472e+00
  -6.01371460864857709794e+00
  -1.08731228513613569220e+01
  -2.27062556212420529889e+00
  -7.75358703326312959092e-01
  -3.79854938232939365328e-01
  -2.34658729199333476734e-01
  -1.68703824493006387941e-01
  -1.34010711866997450636e-01
  -1.13694662184305864128e-01
  -1.00789512688918628247e-01
  -9.20628234417600055384e-02
  -8.58716328278742585534e-02
  -8.13173050134473607287e-02
  -7.78775030458714323522e-02
  -7.52325899168128503502e-02
  -7.31781646662510443235e-02
  -7.15784797088606650206e-02
  -7.03404202773268705240e-02
  -6.93983539505656360502e-02
  -6.87049817279882096832e-02
  -6.82256327559383063397e-02
  -6.79346048081832520893e-02
  -6.78127594892093676915e-02
  -6.78459105178846333395e-02
  -6.80237282915204383160e-02
  -6.83389909134051176665e-02
  -6.87870756569237684630e-02
  -6.93656240605104584818e-02
  -7.00743388266806960241e-02
  -7.09148873614705854695e-02
  -7.18908986879267658532e-02
  -7.30080498792322063473e-02
  -7.42742467371892561845e-02
  -7.56999126523020676727e-02
  -7.72984110717098715782e-02
  -7.90866430601215308904e-02
  -8.10858857032881186200e-02
  -8.33229757954892374938e-02
  -8.58320075289621398085e-02
  -8.86568234682397482427e-02
  -9.18547745826295003457e-02
  -9.55025857798002808519e-02
  -9.97058478869489728247e-02
  -1.04615002854309246949e-01
  -1.10453438165347847533e-01
  -1.17569164150743685204e-01
  -1.26534633119695066883e-01
  -1.38350109088584555250e-01
  -1.54883416903650206198e-01
  -1.79887979845388151778e-01
  -2.21557079695807013220e-01
  -2.99585804652902243372e-01
  -4.67144743244303273233e-01
  -8.89427356342086361529e-01
  -2.16370977871612613086e+00
  -6.65773188308721231010e+00
  -2.23716344624351357595e+01
  -9.07693303493185688069e+00
  -6.00609998745522410957e+00
  -5.03582028322873753723e+00
  -4.83588570603123901748e+00
  -5.06096171232842806376e+00
  -5.61153429367637990310e+00
  -6.47760584535800898465e+00
  -7.69621074447488151549e+00
  -9.34503322703896799339e+00
  -1.15629436103627387666e+01
  -1.46263919911187123546e+01
  -1.92361407413168663538e+01
  -2.83597190467431623517e+01
  -3.07973741908193474615e+01
  -2.14450127491231228305e+01
  -1.75242398358317821305e+01
  -1.52185987078210960277e+01
  -1.37029286448292015876e+01
  -1.26584192580213112933e+01
  -1.19279622561783149592e+01
  -1.14230496474921032757e+01
  -1.10896556896158102745e+01
  -1.08932214965761335890e+01
  -1.08111976913600411621e+01
  -1.08290343628769942796e+01
  -1.09379314430019896065e+01
  -1.11335873214257556896e+01
  -1.14155859224758238213e+01
  -1.17872649526207222692e+01
  -1.22560358628292505045e+01
  -1.28342428188450181636e+01
  -1.35408090956420892326e+01
  -1.44042160343490976970e+01
  -1.54680074978578687706e+01
  -1.68016239167042122915e+01
  -1.85239861100781730840e+01
  -2.08631919232172258205e+01
  -2.43486161230304851699e+01
  -3.07885869731652306314e+01
  -4.34356482689351679483e+01
  -2.77552064048167181909e+01
  -2.21586310223330720248e+01
  -1.86684628476233456240e+01
  -1.61151741637353538295e+01
  -1.41004900181898467082e+01
  -1.24408575002316403868e+01
  -1.10366017956586510707e+01
  -9.82753677025421978897e+00
  -8.77441716413662398111e+00
  -7.85004886720367345276e+00
  -7.03459562422167827833e+00
  -6.31292221900947136959e+00
  -5.67301368947130679743e+00
  -5.10500196500226621765e+00
  -4.60055285871635444295e+00
  -4.15247423481430821823e+00
  -3.75446252810052438775e+00
  -3.40093626076065014274e+00
  -3.08692390656741855182e+00
  -2.80798517685843807001e+00
  -2.56015242815649068930e+00
  -2.33988393704275443596e+00
  -2.14402411819843141672e+00
  -1.96976791542491391773e+00
  -1.81462793806987177092e+00
  -1.67640370697878671180e+00
  -1.55315280338825756345e+00
  -1.44316391594468518278e+00
  -1.34493184886565897429e+00
  -1.25713455043059774141e+00
  -1.17861218478762341810e+00
  -1.10834822464715343493e+00
  -1.04545250019209534642e+00
  -9.89146106057144369750e-01
  -9.38748045102483108515e-01
  -8.93663474372575206139e-01
  -8.53373413550589376975e-01
  -8.17425777571755718398e-01
  -7.85427601100120442723e-01
  -7.57038331816572096500e-01
  -7.31964080734215372104e-01
  -7.09952730183060598534e-01
  -6.90789813093545257416e-01
  -6.74295090392941331991e-01
  -6.60319766540194086346e-01
  -6.48744296444657142509e-01
  -6.39476750363109469610e-01
  -6.32451717086712328353e-01
  -6.27629740173597405750e-01
  -6.24997297642483795599e-01
  -6.24567353060574870227e-01
  -6.26380526169869167319e-01
  -6.30506955187445483624e-01
  -6.37048952112708288809e-01
  -6.46144588657548091248e-01
  -6.57972396250941504725e-01
  -6.72757420845445874846e-01
  -6.90778957447865105124e-01
  -7.12380389002744141003e-01
  -7.37981645820757536924e-01
  -7.68095062706719455825e-01
  -8.03345578262542159287e-01
  -8.44496572033616610398e-01
  -8.92483073184250352838e-01
  -9.48454679932207889159e-01
  -1.01383136609050272803e+00
  -1.09037651513026578876e+00
  -1.18029315073149221327e+00
  -1.28635162325736596145e+00
  -1.41206027179247373127e+00
  -1.56189521048307478068e+00
  -1.74161204312477968514e+00
  -1.95867217496257484122e+00
  -2.22283098586150762443e+00
  -2.54695800296403085383e+00
  -2.94819703231689889122e+00
  -3.44964244739965897324e+00
  -4.08284449339779609289e+00
  -4.89176144376999388896e+00
  -5.93952964770518221371e+00
  -7.32147821481479788019e+00
  -9.19415492237361320349e+00
  -1.18536377266471415481e+01
  -1.60156093738516958069e+01
  -2.45954073039974403514e+01
  -2.70728013546628041297e+01
  -1.71778359290717261842e+01
  -1.28826471751375102315e+01
  -1.02548200310783421685e+01
  -8.45062355536628295738e+00
  -7.14004557699835906703e+00
  -6.15637171849410336222e+00
  -5.40253599831795838782e+00
  -4.81695432186911265404e+00
  -4.35838319240222293871e+00
  -3.99822973170480766569e+00
  -3.71624330700365712588e+00
  -3.49792873057354780642e+00
  -3.33292035933036911999e+00
  -3.21393465462813887612e+00
</dep>
<dep S21_dB frequency>
  -6.22352953637900352390e+00
  -6.65395459982457992965e+00
  -7.07558367721310954579e+00
  -7.48717006112876415358e+00
  -7.88770583722547602434e+00
  -8.27638269502188528293e+00
  -8.65255727422799836290e+00
  -9.01572113613760883766e+00
  -9.36547512373264190444e+00
  -9.70150770295497366646e+00
  -1.00235768070716275702e+01
  -1.03314946972184866780e+01
  -1.06251153783698839561e+01
  -1.09043241536854580431e+01
  -1.11690289505257602798e+01
  -1.14191531019638610189e+01
  -1.16546293148227597669e+01
  -1.18753945974563901444e+01
  -1.20813859570890524964e+01
  -1.22725367075983129439e+01
  -1.24487732545597964418e+01
  -1.26100122457091003980e+01
  -1.27561579922927563757e+01
  -1.28871000806230000535e+01
  -1.30027111040219693905e+01
  -1.31028444536612358462e+01
  -1.31873321129320295597e+01
  -1.32559824042079661410e+01
  -1.33085776394132686562e+01
  -1.33448716268594189671e+01
  -1.33645869864897051116e+01
  -1.33674122240704722486e+01
  -1.33529985120533574161e+01
  -1.33209561208741522620e+01
  -1.32708504394149713335e+01
  -1.32021975173668977277e+01
  -1.31144590555000775112e+01
  -1.30070367627795207000e+01
  -1.28792659925596648662e+01
  -1.27304085649826497217e+01
  -1.25596446812970903295e+01
  -1.23660638416425605612e+01
  -1.21486546968421720294e+01
  -1.19062938067659391805e+01
  -1.16377333592875302770e+01
  -1.13415880520894809536e+01
  -1.10163216002860604448e+01
  -1.06602337828031306088e+01
  -1.02714497093327068455e+01
  -9.84791429763015635501e+00
  -9.38739717351660907241e+00
  -8.88751698535933343237e+00
  -8.34580055671781551041e+00
  -7.75980323495340318374e+00
  -7.12733526977508979883e+00
  -6.44686977410075812145e+00
  -5.71825704692751202174e+00
  -4.94394272030210846225e+00
  -4.13097444521875356571e+00
  -3.29412159648671210022e+00
  -2.46021413237333153035e+00
  -1.67283150006382475006e+00
  -9.94088756121509264929e-01
  -4.97156202722920437242e-01
  -2.44466402144655037265e-01
  -2.59209220825825259471e-01
  -5.12286452980478479446e-01
  -9.37416523416423563830e-01
  -1.45979206477644529727e+00
  -2.01670863790953980299e+00
  -2.56398401513151785736e+00
  -3.07369588951254923970e+00
  -3.52940445663000446075e+00
  -3.92185962606552518395e+00
  -4.24593560567107353165e+00
  -4.49864936782202029519e+00
  -4.67793759282160515056e+00
  -4.78191773343526627116e+00
  -4.80845090679972564374e+00
  -4.75490472023665411427e+00
  -4.61808084513213312761e+00
  -4.39434004773901776275e+00
  -4.08005161039518693400e+00
  -3.67265535099727902235e+00
  -3.17291724746883119224e+00
  -2.58945560579777689370e+00
  -1.94722866534524685633e+00
  -1.30144861244758169860e+00
  -7.53648771099059588963e-01
  -4.51127497005493149906e-01
  -5.35383037493851077215e-01
  -1.04744449927698801694e+00
  -1.89051609704420542357e+00
  -2.90103641014239288509e+00
  -3.93427314503702429960e+00
  -4.89280725847820097130e+00
  -5.71585759509339652595e+00
  -6.36050742007492075913e+00
  -6.78586178092520775351e+00
  -6.93947622140699937887e+00
  -6.74197787481339894100e+00
  -6.06587699999633134240e+00
  -4.72298710177524583287e+00
  -2.70669332314909460990e+00
  -2.30423799122367478631e+00
  -6.58788695216042796687e+00
  -1.16367735079285310462e+01
  -1.59747712466230176176e+01
  -1.97292730234122934974e+01
  -2.30915599728723535122e+01
  -2.61903888903577737324e+01
  -2.91104737004281801660e+01
  -3.19104693773284537883e+01
  -3.46336566183231582272e+01
  -3.73141385774477924997e+01
  -3.99806050181267664811e+01
  -4.26587911687436971420e+01
  -4.53732447839683956659e+01
  -4.81487579333231110468e+01
  -5.10116986968387067236e+01
  -5.39914324899935209601e+01
  -5.71220297129009821901e+01
  -6.04445154517617950773e+01
  -6.40100502468415299973e+01
  -6.78846970788119676854e+01
  -7.21569654801322144522e+01
  -7.69504592986090187878e+01
  -8.24465546998867040429e+01
  -8.89286298901193816846e+01
  -9.68785470161641057985e+01
  -1.07223650991126220333e+02
  -1.22151628406532935855e+02
  -1.49324087160450773126e+02
  -1.69923803634063574464e+02
  -1.39734496832771526442e+02
  -1.16685634176633925563e+02
  -1.02770912852439778362e+02
  -9.26654362405655547263e+01
  -8.46506238807370579025e+01
  -7.79506642118768695582e+01
  -7.21470863833060462866e+01
  -6.69873015082796001707e+01
  -6.23062555476362973650e+01
  -5.79893301847392095283e+01
  -5.39528312370778735385e+01
  -5.01328503864572567750e+01
  -4.64784433374554666329e+01
  -4.29471545307788389323e+01
  -3.95018428909336236643e+01
  -3.61081954362822727944e+01
  -3.27325166296052429971e+01
  -2.93394618695584767920e+01
  -2.58894073522137588839e+01
  -2.23352287869887966565e+01
  -1.86188669183066508594e+01
  -1.46714642069194134422e+01
  -1.04385363898087248913e+01
  -6.03554465181446531119e+00
  -2.32148954856418843207e+00
  -8.90192414919463770318e-01
  -1.22258163063695013406e+00
  -1.78652534527295392408e+00
  -2.09862891770871362596e+00
  -2.14778135555795257616e+00
  -2.00671287404142040245e+00
  -1.74822473655675403315e+00
  -1.43309531927309685706e+00
  -1.10974494560416503397e+00
  -8.14435153978576020783e-01
  -5.70941949888769895161e-01
  -3.90707582663762320596e-01
  -2.74369913095847128837e-01
  -2.14676809495103593228e-01
  -1.99989788676184332417e-01
  -2.17409543996903292795e-01
  -2.54940061445993404465e-01
  -3.02616349200188650137e-01
  -3.52836953945729114857e-01
  -4.00220930542713126954e-01
  -4.41249473764414590349e-01
  -4.73856417275809516099e-01
  -4.97051547045809727354e-01
  -5.10609108964451885448e-01
  -5.14826273153108027181e-01
  -5.10344077021857911447e-01
  -4.98019514847752198250e-01
  -4.78837534257729902087e-01
  -4.53853302903798605517e-01
  -4.24157034878352989793e-01
  -3.90855413642694049514e-01
  -3.55065052844034112489e-01
  -3.17914485207428820779e-01
  -2.80551906084813507114e-01
  -2.44156379845329785105e-01
  -2.09950500019498886850e-01
  -1.79212629009361079646e-01
  -1.53286879034767037355e-01
  -1.33588984046612735401e-01
  -1.21606210818141546870e-01
  -1.18889533795757340595e-01
  -1.27036527185433845144e-01
  -1.47663882329315376829e-01
  -1.82369193847648491946e-01
  -2.32682687955477363051e-01
  -3.00010837295000776237e-01
  -3.85575179384004207428e-01
  -4.90350906850157364225e-01
  -6.15010651077893877314e-01
  -7.59879072872208460865e-01
  -9.24903235991992755949e-01
  -1.10964227336091481035e+00
  -1.31327776337276569407e+00
  -1.53464388302378385021e+00
  -1.77227423502526226784e+00
  -2.02446064625182131635e+00
  -2.28931844018206742675e+00
  -2.56485273209167274899e+00
  -2.84902103906264070332e+00
  -3.13978868323221149694e+00
  -3.43517481571882132840e+00
  -3.73328816283897779726e+00
  -4.03235263885053285549e+00
  -4.33072371042978687683e+00
  -4.62689683784524152799e+00
  -4.91950950168546619068e+00
  -5.20733831743707220596e+00
  -5.48929261003417323650e+00
  -5.76440562390926025671e+00
  -6.03182432413158586826e+00
  -6.29079852970835062820e+00
  -6.54066992774914979236e+00
  -6.78086135468171136154e+00
  -7.01086659969472592024e+00
  -7.23024088412508625368e+00
  -7.43859209478772243074e+00
  -7.63557279482982309560e+00
  -7.82087299819738568374e+00
  -7.99421366930799948136e+00
  -8.15534089472087586614e+00
  -8.30402066580456477141e+00
  -8.44003420853957564418e+00
  -8.56317379707135906131e+00
  -8.67323899029311817799e+00
  -8.77003323475096152606e+00
  -8.85336078196936959728e+00
  -8.92302387352351011884e+00
  -8.97882015263768984425e+00
  -9.02054026668676733891e+00
  -9.04796563074888915423e+00
  -9.06086632842658268316e+00
  -9.05899913274070556213e+00
  -9.04210563733261807329e+00
  -9.00991049694756895860e+00
  -8.96211978684790722127e+00
  -8.89841950431778094810e+00
  -8.81847425322367328704e+00
  -8.72192618558686127983e+00
  -8.60839425511993816542e+00
  -8.47747389140722340528e+00
  -8.32873750561618919619e+00
  -8.16173579521996472863e+00
  -7.97600037210144385824e+00
  -7.77104820040071953002e+00
  -7.54638854395117952834e+00
  -7.30153338770677073910e+00
  -7.03601265529264452425e+00
  -6.74939602806769300969e+00
  -6.44132381745951310137e+00
  -6.11155019809852984025e+00
  -5.76000315739217860767e+00
  -5.38686688710924777013e+00
  -4.99269389876301072917e+00
  -4.57855531831197293258e+00
  -4.14623873221220495822e+00
  -3.69850161653006015428e+00
  -3.23938290695544361952e+00
  -2.77456181326353812366e+00
  -2.31172648634528821177e+00
  -1.86087097240129883957e+00
  -1.43437830146066258585e+00
  -1.04668843410991807552e+00
  -7.13338706408351619359e-01
  -4.49272688983305912291e-01
  -2.66588323168958807319e-01
  -1.72267347661550912497e-01
  -1.66660857002283974149e-01
  -2.43344260874294116004e-01
  -3.90403139780979957507e-01
  -5.92617831935954519906e-01
  -8.33767170439164484463e-01
  -1.09844564188410176442e+00
  -1.37315526829911127571e+00
  -1.64673721759526769937e+00
  -1.91034650601061173347e+00
  -2.15717892478032169379e+00
  -2.38210479027228716475e+00
  -2.58130180758575455968e+00
  -2.75193178730278020794e+00
  -2.89187661665824613522e+00
  -2.99953370020435805543e+00
</dep>
<dep S[2,2] frequency>
  -5.89926508085962586492e-01+j6.28156281831551366324e-01
  -5.49526467410392127633e-01+j6.81096867717435272560e-01
  -5.05760921227732751504e-01+j7.28557994696453659067e-01
  -4.59459340734993393340e-01+j7.70652720237418598082e-01
  -4.11332877458613022092e-01+j8.07574285787119983127e-01
  -3.61983369134434684877e-01+j8.39567746245268642369e-01
  -3.11914594899044994580e-01+j8.66908445596403565148e-01
  -2.61544218281429097228e-01+j8.89886128345208637924e-01
  -2.11215454122709006546e-01+j9.08793530028799811937e-01
  -1.61207915025892378758e-01+j9.23918431773036674670e-01
  -1.11747373249673737083e-01+j9.35538334378406499781e-01
  -6.30143522134273825763e-02+j9.43917074466977257252e-01
  -1.51515686858612139837e-02+j9.49302853518856348813e-01
  +3.17296942485693622693e-02+j9.51927274849819204938e-01
  +7.75441752286592372867e-02+j9.52005083736133572714e-01
  +1.22228066419894448869e-01+j9.49734384492919692100e-01
  +1.65735173989847855980e-01+j9.45297168772625595601e-01
  +2.08033700329001647322e-01+j9.38860035136359183383e-01
  +2.49103552028256181039e-01+j9.30575014183745885532e-01
  +2.88934089370288971210e-01+j9.20580438838939252300e-01
  +3.27522244517617855397e-01+j9.09001817912529097576e-01
  +3.64870946088389880302e-01+j8.95952684469588311877e-01
  +4.00987797131983736421e-01+j8.81535400128322543800e-01
  +4.35883961572266775963e-01+j8.65841903177066885000e-01
  +4.69573221006823249279e-01+j8.48954393069991097853e-01
  +5.02071169417078966291e-01+j8.30945946994695594512e-01
  +5.33394517957640257322e-01+j8.11881066203806622816e-01
  +5.63560485651966036613e-01+j7.91816150964163134596e-01
  +5.92586254610555251965e-01+j7.70799903514724160658e-01
  +6.20488470368154132473e-01+j7.48873658490671556542e-01
  +6.47282769142383251904e-01+j7.26071639972234117444e-01
  +6.72983314245953812005e-01+j7.02421143725641572431e-01
  +6.97602323495681742038e-01+j6.77942642369967707339e-01
  +7.21149568160817100448e-01+j6.52649810160935373027e-01
  +7.43631821621926425436e-01+j6.26549462859397499059e-01
  +7.65052232226354433919e-01+j5.99641406779233276936e-01
  +7.85409589469553193197e-01+j5.71918189636292484401e-01
  +8.04697445088109586386e-01+j5.43364744336151117565e-01
  +8.22903040187785039805e-01+j5.13957915507267104616e-01
  +8.40005975106691504806e-01+j4.83665857705739166139e-01
  +8.55976538853302271193e-01+j4.52447294316956460936e-01
  +8.70773587561281536829e-01+j4.20250628186045416257e-01
  +8.84341823478709265771e-01+j3.87012900536321258205e-01
  +8.96608273300944169648e-01+j3.52658606571006838504e-01
  +9.07477691109730644214e-01+j3.17098399117795415325e-01
  +9.16826508242128190851e-01+j2.80227754102411685810e-01
  +9.24494808151984481803e-01+j2.41925747997181750382e-01
  +9.30275602549473057401e-01+j2.02054232915425069361e-01
  +9.33900404964484676107e-01+j1.60457933933187218978e-01
  +9.35019715505886028772e-01+j1.16966413361911270030e-01
  +9.33176526655646543240e-01+j7.13995854780458821809e-02
  +9.27770343009136744250e-01+j2.35797649043198720431e-02
  +9.18008577362229183372e-01-j2.66444840399338023218e-02
  +9.02841890669588087448e-01-j7.93534372768376627949e-02
  +8.80881067111921378654e-01-j1.34474104630536328564e-01
  +8.50297861519383801898e-01-j1.91633343657827998063e-01
  +8.08726867403985916205e-01-j2.49900932265264053012e-01
  +7.53222849106192304802e-01-j3.07354719207141413584e-01
  +6.80413030563592591271e-01-j3.60386961457715648827e-01
  +5.87150213219596484038e-01-j4.02724106882725196854e-01
  +4.72211509875238577560e-01-j4.24406539392222337259e-01
  +3.39641766784741727658e-01-j4.11741707866564943252e-01
  +2.03305553859151721952e-01-j3.50490147772220983491e-01
  +8.88992297762750682821e-02-j2.34486860161755517051e-01
  +2.64968028577112768573e-02-j7.63981464493511674974e-02
  +3.32159560395858255433e-02+j9.15704262658749157389e-02
  +1.01422697879431422674e-01+j2.33900270861506720532e-01
  +2.06015966331277167178e-01+j3.30313531554052297601e-01
  +3.21059120655443397396e-01+j3.79438866405151842276e-01
  +4.29499580196919694686e-01+j3.90608797394654982948e-01
  +5.23531268862819754162e-01+j3.75325604240791144139e-01
  +6.01237783852674012586e-01+j3.43108429666868997021e-01
  +6.63501807555243572345e-01+j3.00621008895164298913e-01
  +7.12153610328272401730e-01+j2.52129662281131539103e-01
  +7.49080190701723380720e-01+j2.00213479626542095735e-01
  +7.75866651285959663120e-01+j1.46356229087007516654e-01
  +7.93683075183380992712e-01+j9.13613853422364508017e-02
  +8.03264779634033088129e-01+j3.56263526178171585634e-02
  +8.04913074328078459452e-01-j2.06738859348932213500e-02
  +7.98482515414593807535e-01-j7.74493993405582226153e-02
  +7.83337811407569750699e-01-j1.34564480809212128065e-01
  +7.58271984889558936516e-01-j1.91668931896390337677e-01
  +7.21388231596336582108e-01-j2.47927504671481502285e-01
  +6.69979260161174261512e-01-j3.01542138220508237900e-01
  +6.00532449189848716031e-01-j3.48895353801105256863e-01
  +5.09246804125070839930e-01-j3.83090928028847088616e-01
  +3.94042007941545979754e-01-j3.91860638796244165061e-01
  +2.59937440799141827874e-01-j3.56064750156040110696e-01
  +1.29008298400187682020e-01-j2.53865274600558743501e-01
  +4.72651823859562281172e-02-j7.96593514400761454342e-02
  +6.42196124195131279322e-02+j1.28379529381387191833e-01
  +1.83676897318784226876e-01+j2.97905475363987148896e-01
  +3.53896613706975948777e-01+j3.81642927316893476597e-01
  +5.18192068852717846461e-01+j3.84993152627757240225e-01
  +6.49318369952012308666e-01+j3.37677715783840204367e-01
  +7.43807497059299826958e-01+j2.65606579702805434273e-01
  +8.07296075057791662211e-01+j1.83880597817958679752e-01
  +8.46309074184776521932e-01+j9.94001293124686657876e-02
  +8.65346504648982772778e-01+j1.42708392075487910944e-02
  +8.65825425588495067863e-01-j7.21212275174756278773e-02
  +8.44517619282049825102e-01-j1.62068915120024803489e-01
  +7.88591753617261970177e-01-j2.58036753732190149435e-01
  +6.59663368526897553323e-01-j3.51771041674436901747e-01
  +3.71975465094907864483e-01-j3.34710199598505397933e-01
  +2.35350774602074874764e-01+j1.62473567325049805810e-01
  +7.00074711653315695514e-01+j3.20523514388887598159e-01
  +9.02959885774544668280e-01+j1.45464592185892027665e-01
  +9.57203991915571039684e-01+j3.40761231128301061988e-03
  +9.68338402806645404119e-01-j9.86020614813323814651e-02
  +9.64684605223886104675e-01-j1.76869816746000330099e-01
  +9.54768466173567365018e-01-j2.40896846171349932053e-01
  +9.41629375351861530596e-01-j2.95794961930802458028e-01
  +9.26505837621565908613e-01-j3.44451035754963774682e-01
  +9.09954535206470405129e-01-j3.88596962146481095246e-01
  +8.92242970401611712461e-01-j4.29329715819098178820e-01
  +8.73504172596242800530e-01-j4.67376362444947290875e-01
  +8.53803600958884301164e-01-j5.03236797202808117113e-01
  +8.33170359657528392106e-01-j5.37264727416540521787e-01
  +8.11612711990183588462e-01-j5.69715785390005780009e-01
  +7.89126214327717012686e-01-j6.00777281129982188013e-01
  +7.65698180709565856539e-01-j6.30587244923817125120e-01
  +7.41310232625588039213e-01-j6.59246974451629053071e-01
  +7.15939806489328978145e-01-j6.86829501595420000015e-01
  +6.89561072322839585524e-01-j7.13385412046128597474e-01
  +6.62145508885412681366e-01-j7.38946894588343394794e-01
  +6.33662272708673257604e-01-j7.63530571072860153592e-01
  +6.04078440731306343103e-01-j7.87139461116844740829e-01
  +5.73359174273699201407e-01-j8.09764312940104313832e-01
  +5.41467833925084907065e-01-j8.31384453128571343505e-01
  +5.08366064340073919858e-01-j8.51968256124188916267e-01
  +4.74013861668521330195e-01-j8.71473298591821765591e-01
  +4.38369632577282120067e-01-j8.89846238221071672569e-01
  +4.01390251559718247432e-01-j9.07022436975304158224e-01
  +3.63031121895387443033e-01-j9.22925332587525182326e-01
  +3.23246244887876399421e-01-j9.37465547205269533748e-01
  +2.81988301684373054989e-01-j9.50539706785570759351e-01
  +2.39208751974263778006e-01-j9.62028927399611433202e-01
  +1.94857954155016360742e-01-j9.71796902962186015529e-01
  +1.48885312214107362605e-01-j9.79687500272201194917e-01
  +1.01239455816262133303e-01-j9.85521727569087846454e-01
  +5.18684623878726339119e-02-j9.89093885798757677108e-01
  +7.20134396705481168686e-04-j9.90166627386863451576e-01
  -5.22576462407929043241e-02-j9.88464518939134229036e-01
  -1.07116446825292865874e-01-j9.83665503756558479154e-01
  -1.63906618282388116814e-01-j9.75389338216218870770e-01
  -2.22676277223523871873e-01-j9.63181544694416857944e-01
  -2.83469599530011995281e-01-j9.46490519604979541057e-01
  -3.46323686239057793035e-01-j9.24633846810174464537e-01
  -4.11262321448360834708e-01-j8.96746979830212120888e-01
  -4.78282663785382589072e-01-j8.61702018700347460722e-01
  -5.47325153959523413860e-01-j8.17973686692266221954e-01
  -6.18201590288764868397e-01-j7.63408153604477557330e-01
  -6.90412931885671876664e-01-j6.94805988539468177834e-01
  -7.62656487182683084924e-01-j6.07140112461925118836e-01
  -8.31388577852223753517e-01-j4.92073514823226088044e-01
  -8.86282645504861688046e-01-j3.35443099179388026787e-01
  -8.95153323439648263005e-01-j1.16242171123645710029e-01
  -7.62208605189622634413e-01+j1.63259889150734749386e-01
  -3.60734664238472391151e-01+j2.92844090361435882564e-01
  -7.24900339296448148474e-02-j2.31797688084182662571e-02
  -1.95963949389225788877e-01-j2.92027715595888359701e-01
  -3.78798054527403782465e-01-j3.27640216785775650887e-01
  -4.96941139485571392598e-01-j2.58224270166083902378e-01
  -5.52084423598691143020e-01-j1.53652370877325222809e-01
  -5.56793105123571274717e-01-j4.24421805343809799282e-02
  -5.20665820100284726379e-01+j5.99954788621023249462e-02
  -4.52520794591047881283e-01+j1.42317988560525687802e-01
  -3.62818883468101927026e-01+j1.95793413776288671713e-01
  -2.64268556465646287101e-01+j2.15499177589112966835e-01
  -1.70436142948090785243e-01+j2.01810435885368982811e-01
  -9.31022348563415036438e-02+j1.60610044985710631593e-01
  -3.98145548341556909655e-02+j1.01675029915497844302e-01
  -1.29042538727431321810e-02+j3.59498104132706108871e-02
  -1.02057645238364802509e-02-j2.69834984837474603503e-02
  -2.67641109320225778490e-02-j8.03327148462707474330e-02
  -5.65997039831155346334e-02-j1.20334079501578816718e-01
  -9.39727808588955160207e-02-j1.45738054186636989407e-01
  -1.34043730206219013912e-01-j1.57039720377511432536e-01
  -1.73076825820410062917e-01-j1.55769806781615616220e-01
  -2.08385098199320328849e-01-j1.43967710349828637018e-01
  -2.38167501228942091185e-01-j1.23840099962302552239e-01
  -2.61326112559302270455e-01-j9.75627313461126521865e-02
  -2.77303453167214941644e-01-j6.71774722807459701013e-02
  -2.85952350928006693298e-01-j3.45463079796392291687e-02
  -2.87437606766246245282e-01-j1.33635819176679271347e-03
  -2.82163868850899612895e-01+j3.09800706387703267408e-02
  -2.70723293050656788061e-01+j6.11195083566194383162e-02
  -2.53857344534506867983e-01+j8.79802571396416932537e-02
  -2.32428287350317203108e-01+j1.10636607938660896933e-01
  -2.07397010986144186839e-01+j1.28335365510984011905e-01
  -1.79804687765451470804e-01+j1.40495026131991662677e-01
  -1.50756325682959574364e-01+j1.46707609885443290842e-01
  -1.21404621691928255034e-01+j1.46742950770281155304e-01
  -9.29326958584300311106e-02+j1.40555068983939879246e-01
  -6.65343703234247685341e-02+j1.28290015298000326105e-01
  -4.33907265987260454265e-02+j1.10294246450620442301e-01
  -2.46418133817490059290e-02+j8.71221520315196701345e-02
  -1.13526714863523559007e-02+j5.95408295593167075088e-02
  -4.47337605190470388727e-03+j2.85296579574773612187e-02
  -4.79363329748552779996e-03-j4.72823877652632507118e-03
  -1.28936289793880332066e-02-j3.88657557956768595631e-02
  -2.90942481659353935353e-02-j7.23656824344185156672e-02
  -5.34112975131095235604e-02-j1.03610695693865717537e-01
  -8.55196589590613565068e-02-j1.30949836585400436473e-01
  -1.24733979052262966558e-01-j1.52779447528465506245e-01
  -1.70012119907850006717e-01-j1.67633677156495630722e-01
  -2.19985855248047423860e-01-j1.74276820533198650853e-01
  -2.73020165936794900752e-01-j1.71787672596112800383e-01
  -3.27298364034424471569e-01-j1.59625459729814039855e-01
  -3.80925951748209812298e-01-j1.37668262895878273921e-01
  -4.32042631443043390060e-01-j1.06218155497641852936e-01
  -4.78930165800543483634e-01-j6.59719692615268471503e-02
  -5.20104355263470097270e-01-j1.79616361433033999706e-02
  -5.54382133104117880151e-01+j3.65277346846062944685e-02
  -5.80918961332748895465e-01+j9.60514126807046342282e-02
  -5.99216293680924216858e-01+j1.59099247825371437060e-01
  -6.09102832714319974983e-01+j2.24181081284562710998e-01
  -6.10695952107823347710e-01+j2.89896730450058037754e-01
  -6.04350747319247094680e-01+j3.54987157457318514009e-01
  -5.90603895086486474497e-01+j4.18366401724470537982e-01
  -5.70118271038234647463e-01+j4.79136101897075117328e-01
  -5.43632587436442937801e-01+j5.36585786830332533981e-01
  -5.11918588366330862272e-01+j5.90182645253579885036e-01
  -4.75746855268390445026e-01+j6.39554387206950458733e-01
  -4.35861163230350290299e-01+j6.84468323209411311225e-01
  -3.92960605679427921189e-01+j7.24809120312738697223e-01
  -3.47688320047397136925e-01+j7.60557003329507597122e-01
  -3.00625517385484375410e-01+j7.91767550189291124951e-01
  -2.52289559871568813687e-01+j8.18553727922448515208e-01
  -2.03134969287103173130e-01+j8.41070440276129982493e-01
  -1.53556432638907364163e-01+j8.59501598634265895349e-01
  -1.03893061879650236423e-01+j8.74049564213350005382e-01
  -5.44333416741293041330e-02+j8.84926718545130719384e-01
  -5.42035175484003629853e-03+j8.92348879943688833016e-01
  +4.29430247991007679742e-02+j8.96530278553384074591e-01
  +9.04890981596067067727e-02+j8.97679818338792956389e-01
  +1.37080689985211695570e-01+j8.95998381409541355680e-01
  +1.82606835885614299242e-01+j8.91676961859475314398e-01
  +2.26978896394684909188e-01+j8.84895448691935926355e-01
  +2.70127074635215402854e-01+j8.75821907959177026193e-01
  +3.11997321889118106597e-01+j8.64612241695921435181e-01
  +3.52548601934357497267e-01+j8.51410125072959544923e-01
  +3.91750479312635180307e-01+j8.36347143406629967011e-01
  +4.29580994147651995529e-01+j8.19543067474914788129e-01
  +4.66024785624654602767e-01+j8.01106219386150120165e-01
  +5.01071426945260300911e-01+j7.81133892450775246807e-01
  +5.34713935891214409146e-01+j7.59712797551738927559e-01
  +5.66947426638921170294e-01+j7.36919515804349112287e-01
  +5.97767869852777300466e-01+j7.12820943219454772333e-01
  +6.27170929122749409856e-01+j6.87474717980149030438e-01
  +6.55150842322555937436e-01+j6.60929625134788256702e-01
  +6.81699316304743785366e-01+j6.33225977307912191172e-01
  +7.06804402384212604460e-01+j6.04395973752814952284e-01
  +7.30449318159889116053e-01+j5.74464044061437806299e-01
  +7.52611178248017709258e-01+j5.43447187512070328808e-01
  +7.73259592312771415479e-01+j5.11355324867354910090e-01
  +7.92355083571679941201e-01+j4.78191686816469674337e-01
  +8.09847271982793492917e-01+j4.43953275037099526212e-01
  +8.25672758368210746305e-01+j4.08631446100680861822e-01
  +8.39752644112200075099e-01+j3.72212680700181430815e-01
  +8.51989590650483963330e-01+j3.34679643751826683129e-01
  +8.62264328067668506250e-01+j2.96012666851516170752e-01
  +8.70431504764041630295e-01+j2.56191844049989569942e-01
  +8.76314765268357498407e-01+j2.15200007412964688935e-01
  +8.79700948741785837548e-01+j1.73026954528980814185e-01
  +8.80333328432130635122e-01+j1.29675445951753315343e-01
  +8.77903881703408939252e-01+j8.51696891076183515423e-02
  +8.72044723994228498931e-01+j3.95672900120075943242e-02
  +8.62319112301630941175e-01-j7.02400465562827425181e-03
  +8.48212909493149203044e-01-j5.44230339719060096648e-02
  +8.29128237791269540047e-01-j1.02343223362937441046e-01
  +8.04382430400799153247e-01-j1.50349289986933282171e-01
  +7.73217560525834013418e-01-j1.97800026669754352993e-01
  +7.34829079098499815537e-01-j2.43775407309100355935e-01
  +6.88426512713461669080e-01-j2.86989043368624074937e-01
  +6.33344286823337099257e-01-j3.25693479865856616584e-01
  +5.69224540917348531543e-01-j3.57598334742676993159e-01
  +4.96291278536533098098e-01-j3.79842016973810703284e-01
  +4.15716807421366907338e-01-j3.89085635795923368008e-01
  +3.30034131727910184928e-01-j3.81822054739205607454e-01
  +2.43465515447594427201e-01-j3.54985389732717926403e-01
  +1.61939756386203226324e-01-j3.06861333389294332896e-01
  +9.25373973001494265489e-02-j2.38107540645268733748e-01
  +4.22530889371505180563e-02-j1.52457931383111616741e-01
  +1.63366932896746863690e-02-j5.66052088063653813244e-02
  +1.68689101926267626119e-02+j4.09577113196520348204e-02
  +4.22666156604121212581e-02+j1.31778729253236082108e-01
  +8.79445188922733378512e-02+j2.09182290492323286202e-01
  +1.47727886627424309651e-01+j2.69217087807336774574e-01
  +2.15323595767435649329e-01+j3.10651944341590546816e-01
  +2.85341730506900259634e-01+j3.34327535571199985220e-01
  +3.53736588069682333924e-01+j3.42309331672003946956e-01
  +4.17803422364260879096e-01+j3.37157368278772795467e-01
  +4.75942415033337618002e-01+j3.21433918413278008064e-01
  +5.27356628285679973622e-01+j2.97437397423660210283e-01
  +5.71776018573173616666e-01+j2.67098604260024630186e-01
  +6.09241585387761519499e-01+j2.31973519780643788746e-01
  +6.39951513278923744821e-01+j1.93284089519132756818e-01
  +6.64158076835092092693e-01+j1.51977207712381323645e-01
  +6.82101442967796511851e-01+j1.08786283272771122643e-01
</dep>
<dep S[2,1] frequency>
  +3.52535686413507465264e-01+j3.38091316254835239086e-01
  +3.58786448674638769329e-01+j2.95545755129154263940e-01
  +3.61245253699464474728e-01+j2.56096914187580293465e-01
  +3.60649868855812960611e-01+j2.19740141094875329753e-01
  +3.57631102853555926657e-01+j1.86388739535241459988e-01
  +3.52720908065069671533e-01+j1.55901708284366141699e-01
  +3.46362759301863443184e-01+j1.28104742162400919714e-01
  +3.38922753567224843696e-01+j1.02805693104209533439e-01
  +3.30700471276392071740e-01+j7.98056364756225822266e-02
  +3.21939057460142286082e-01+j5.89065466970378412426e-02
  +3.12834260535817476612e-01+j3.99164164102064136785e-02
  +3.03542343427342431461e-01+j2.26524871041144382211e-02
  +2.94186887834948507248e-01+j6.94311155023818408344e-03
  +2.84864570739918332443e-01-j7.37135511152788545919e-03
  +2.75650019742347818230e-01-j2.04383382700143202693e-02
  +2.66599862350537675226e-01-j3.23932813265150471027e-02
  +2.57756081773174106075e-01-j4.33601782579168260057e-02
  +2.49148783244885929644e-01-j5.34522870350436496434e-02
  +2.40798463666688222773e-01-j6.27729434760674331883e-02
  +2.32717865308839810812e-01-j7.14164200776425672768e-02
  +2.24913482612028370333e-01-j7.94687926237433173160e-02
  +2.17386780308625737757e-01-j8.70087906068312266772e-02
  +2.10135171415378158022e-01-j9.41086170086937595647e-02
  +2.03152795173074135482e-01-j1.00834729770114192582e-01
  +1.96431127666708948976e-01-j1.07248582077366691467e-01
  +1.89959451532365902748e-01-j1.13407321969335908585e-01
  +1.83725205697578219954e-01-j1.19364454139194497984e-01
  +1.77714231353317347883e-01-j1.25170468479200991396e-01
  +1.71910926158699822741e-01-j1.30873441126984679794e-01
  +1.66298314874969765942e-01-j1.36519614688138168912e-01
  +1.60858041051924888221e-01-j1.42153965061682874271e-01
  +1.55570280878870648156e-01-j1.47820762978192132842e-01
  +1.50413576678690125155e-01-j1.53564139046984599046e-01
  +1.45364583554136006516e-01-j1.59428661850802233513e-01
  +1.40397718132249882395e-01-j1.65459939456469751207e-01
  +1.35484692869543454918e-01-j1.71705255638703063736e-01
  +1.30593912551717733495e-01-j1.78214253120575427669e-01
  +1.25689700876751686565e-01-j1.85039677147815884162e-01
  +1.20731313570717410655e-01-j1.92238193583048250224e-01
  +1.15671679274259447956e-01-j1.99871296139621179577e-01
  +1.10455788947488545149e-01-j2.08006316847034383732e-01
  +1.05018626649084789726e-01-j2.16717551423971505065e-01
  +9.92824962442941522101e-02-j2.26087505316671016908e-01
  +9.31535456148819829281e-02-j2.36208253948642143971e-01
  +8.65172162191214094706e-02-j2.47182887400690581847e-01
  +7.92322428207115209142e-02-j2.59126966958360238635e-01
  +7.11226839416172346153e-02-j2.72169844252356130099e-01
  +6.19672619019536463636e-02-j2.86455557838164065476e-01
  +5.14850113500001926869e-02-j3.02142782787075181439e-01
  +3.93158530961063013009e-02-j3.19402888339165524911e-01
  +2.49942065362129921258e-02-j3.38414419482713335618e-01
  +7.91313757095770363426e-03-j3.59351018198514893243e-01
  -1.27240908623364179508e-02-j3.82357515504218647973e-01
  -3.79684924664106596137e-02-j4.07504932471963510210e-01
  -6.92082573687413382668e-02-j4.34708251964431580117e-01
  -1.08267632348634401662e-01-j4.63579374159607371375e-01
  -1.57504722834000937537e-01-j4.93169990316015882659e-01
  -2.19853760160011763025e-01-j5.21536488806285003506e-01
  -2.98672325234235092051e-01-j5.45045996312930824956e-01
  -3.97087635388950588311e-01-j5.57395805338224525904e-01
  -5.16297081217312103796e-01-j5.48592696618786623830e-01
  -6.52223907185907614270e-01-j5.04905567698549218036e-01
  -7.90964112297465549162e-01-j4.12050865012068001647e-01
  -9.06773006845548179555e-01-j2.63813271110023506161e-01
  -9.69517629341005715560e-01-j7.28017311018721857696e-02
  -9.62008555938191567414e-01+j1.28843521838787195000e-01
  -8.91792507847607773819e-01+j3.05678297611617910690e-01
  -7.83864251586086968615e-01+j4.37509442463253073186e-01
  -6.64030614464216406567e-01+j5.23062022340051835378e-01
  -5.49185024719835213070e-01+j5.71778218147828476425e-01
  -4.46937458627326311689e-01+j5.95284861689007849250e-01
  -3.58961235725816840691e-01+j6.03242171842685137584e-01
  -2.84070241560413050408e-01+j6.02472885315493367209e-01
  -2.20052449453688070413e-01+j5.97421003557412455542e-01
  -1.64536361708246703373e-01+j5.90861308864674361629e-01
  -1.15316133549086222154e-01+j5.84487759296970166289e-01
  -7.04183091447675851837e-02+j5.79319553601470915716e-01
  -2.80568259320229385079e-02+j5.75956166981069439537e-01
  +1.34585673390230069896e-02+j5.74722775916481909420e-01
  +5.58369526436055113594e-02+j5.75733960259745880528e-01
  +1.00939948843787069555e-01+j5.78884633917839175332e-01
  +1.50937550122363206562e-01+j5.83754572973892438270e-01
  +2.08484267741855938683e-01+j5.89381507408761273759e-01
  +2.76884253081144893205e-01+j5.93808884648984180998e-01
  +3.60119740777891328420e-01+j5.93243579105720231226e-01
  +4.62359140267061374807e-01+j5.80603798350463495836e-01
  +5.85966275043243833842e-01+j5.43428405163234873321e-01
  +7.26134168231973187169e-01+j4.62376669253071914678e-01
  +8.60937025552838575138e-01+j3.15398112724171453269e-01
  +9.44454327008371730123e-01+j9.66598680307975272052e-02
  +9.27204289521559754661e-01-j1.55921143036822890116e-01
  +8.05344193192349067090e-01-j3.70295225416551743169e-01
  +6.30495016187102130800e-01-j4.99541541027376967410e-01
  +4.59114515622291996522e-01-j5.49502383745508415913e-01
  +3.18060487569144345610e-01-j5.50468473364162047545e-01
  +2.10168682958177810427e-01-j5.29111668970608794993e-01
  +1.28764092443241995323e-01-j5.01589780986178346289e-01
  +6.55636131992582138484e-02-j4.76320143984917510060e-01
  +1.29348304217821973017e-02-j4.57650052415518482363e-01
  -3.65344042415619157937e-02-j4.48320817231471047126e-01
  -9.22318055324101854220e-02-j4.50813658404964900939e-01
  -1.71237107583521036558e-01-j4.66995753173970684635e-01
  -3.14872565029091000532e-01-j4.87760871855867306213e-01
  -6.10944955285530166833e-01-j4.03671927367109162343e-01
  -7.51078454818958962669e-01+j1.55404237217145912986e-01
  -2.86021686852429790626e-01+j3.70916169052298683173e-01
  -7.97099356082946047808e-02+j2.49491672248473628226e-01
  -1.94924215410841213114e-02+j1.57750604905854185933e-01
  -2.41565774350652076423e-04+j1.03165659370745455004e-01
  +6.06365727867160496378e-03+j6.97893101562389733816e-02
  +7.72427248095809617506e-03+j4.84198629166176161553e-02
  +7.61089769463478473671e-03+j3.41961926766940066402e-02
  +6.83537657569542340258e-03+j2.44413026604554488308e-02
  +5.85975457177040186252e-03+j1.75989601311910652537e-02
  +4.88155280339394852945e-03+j1.27190382478067666450e-02
  +3.98303516928990176266e-03+j9.19690249392748036816e-03
  +3.19405592405670908651e-03+j6.63424329869979553798e-03
  +2.52022478771338079642e-03+j4.76098777336184716263e-03
  +1.95610788368725955003e-03+j3.38952740743824788849e-03
  +1.49159418935307461901e-03+j2.38685167119247112349e-03
  +1.11500058549026683473e-03+j1.65701743481042724181e-03
  +8.14569882019230994720e-04+j1.12980303902881834208e-03
  +5.79160900791188498586e-04+j7.53181963055377210088e-04
  +3.98529930504966541354e-04+j4.88222130362508022119e-04
  +2.63408565426496608323e-04+j3.05564086425792931240e-04
  +1.65485485840230288866e-04+j1.82949612751556837118e-04
  +9.73497078000024117055e-05+j1.03462860819172216523e-04
  +5.24268125726036951354e-05+j5.42630001722830578102e-05
  +2.49261932522211458773e-05+j2.56606678850164045768e-05
  +9.81065431800352072487e-06+j1.04372369564903367948e-05
  +2.79681058762840741738e-06+j3.33601129766223631734e-06
  +3.94135448743128222011e-07+j6.73769722937945286160e-07
  -8.55030974466329780500e-09+j3.30951883525116206457e-08
  +1.79524048864092819914e-09+j2.63706434428911416807e-09
  +7.99362276976691936638e-08-j6.51200190991517506867e-08
  +1.43128547195408889485e-06-j3.10592597024003776713e-07
  +7.23712439006939771288e-06-j6.76350063796489546623e-07
  +2.32289585512526834373e-05-j1.31846688270537758447e-06
  +5.84552514001261010993e-05-j3.18890035303696704305e-06
  +1.26297245029827740793e-04-j8.88864341570435400979e-06
  +2.45807808318402351393e-04-j2.39398774511186699038e-05
  +4.43468823088802332512e-04-j5.87017042166897897045e-05
  +7.55488490015108148622e-04-j1.31275439595338570820e-04
  +1.23078825217121123371e-03-j2.71941259150777921681e-04
  +1.93485321205270335496e-03-j5.29989498134107012671e-04
  +2.95462163096445835572e-03-j9.84349060773029218424e-04
  +4.40452113566120774524e-03-j1.76034157568830942550e-03
  +6.43350257476364185971e-03-j3.05652482962060672092e-03
  +9.23217483902097520165e-03-j5.18856351924648802332e-03
  +1.30371184160933250434e-02-j8.66265844111806238015e-03
  +1.81240200888395097678e-02-j1.43019518385580132053e-02
  +2.47663421604998185144e-02-j2.34712287739828155686e-02
  +3.30933184997816709494e-02-j3.84903237464415473590e-02
  +4.26496630458833500543e-02-j6.34182198368839489255e-02
  +5.10262037404393895001e-02-j1.05547769510075162280e-01
  +4.94045429115137005316e-02-j1.77952187552636559298e-01
  +7.58844157964898118063e-03-j3.00562509026504276477e-01
  -1.67616812441048923521e-01-j4.70155074819376406214e-01
  -5.99580494690282184145e-01-j4.75857536435870198677e-01
  -9.02323688148060076841e-01-j2.19123484241842761411e-02
  -7.72191367179756227301e-01+j3.97949738848723477691e-01
  -5.55510406434124859310e-01+j5.95109000791167574995e-01
  -3.69809924927170408093e-01+j6.92842199302477701472e-01
  -2.07252119775667043022e-01+j7.52924249001093115474e-01
  -5.10384637360800155759e-02+j7.92071906185927154809e-01
  +1.08545882231393372996e-01+j8.10453554179924484657e-01
  +2.73911037277339675100e-01+j8.02439490604854643863e-01
  +4.41079453141689226126e-01+j7.61548552681588386548e-01
  +6.01124748301136269113e-01+j6.83851421704013584524e-01
  +7.42693198171718860223e-01+j5.70278388786982448622e-01
  +8.55279417192731816755e-01+j4.27155052018796554947e-01
  +9.32040177259078062022e-01+j2.64725018477702467301e-01
  +9.71001507536097263618e-01+j9.44814590528987446882e-02
  +9.74482566935125582575e-01-j7.33386540944331449809e-02
  +9.47486230255328742977e-01-j2.31174864172650984528e-01
  +8.96004788491792436567e-01-j3.74383553169133298510e-01
  +8.25808816535495093802e-01-j5.00731506935696901728e-01
  +7.41828661746881667938e-01-j6.09638586914644564629e-01
  +6.47984176569174619154e-01-j7.01484819809524817735e-01
  +5.47266657032790981852e-01-j7.77102783090478643757e-01
  +4.41922702836518133118e-01-j8.37458405223863056044e-01
  +3.33652702766672304424e-01-j8.83477273879485935915e-01
  +2.23784114901486197446e-01-j9.15967839949334727834e-01
  +1.13407335693854388614e-01-j9.35602630506890520223e-01
  +3.47516798387989414923e-03-j9.42930853997004048139e-01
  -1.05128165415331376042e-01-j9.38405845612667599553e-01
  -2.11541614936498617583e-01-j9.22417802810075349029e-01
  -3.14899405735107662530e-01-j8.95326718261109655295e-01
  -4.14315787751620034918e-01-j8.57493098982796131402e-01
  -5.08878816949932533120e-01-j8.09305603208606338939e-01
  -5.97650635261478657689e-01-j7.51205566899025622973e-01
  -6.79672620388546810943e-01-j6.83708797407373780608e-01
  -7.53974518854995556794e-01-j6.07425133681770090810e-01
  -8.19587278453132062062e-01-j5.23076188548557530211e-01
  -8.75559766140443840321e-01-j4.31511436434611594937e-01
  -9.20979879836164583295e-01-j3.33722409304757605675e-01
  -9.55000701284171915617e-01-j2.30854235505670885020e-01
  -9.76872238835638784238e-01-j1.24213138650478352454e-01
  -9.85978913463500195036e-01-j1.52678767885259299847e-02
  -9.81882200168865515444e-01+j9.43574400012756053790e-02
  -9.64366742011117383804e-01+j2.02902001016259075916e-01
  -9.33486873311823006638e-01+j3.08501094811098941495e-01
  -8.89609001260026066582e-01+j4.09234920474380925448e-01
  -8.33444008404848446503e-01+j5.03193680257783437781e-01
  -7.66063164326587164865e-01+j5.88556879356858408947e-01
  -6.88891406947038431596e-01+j6.63681920930685342874e-01
  -6.03673585550430713553e-01+j7.27194272743287184468e-01
  -5.12412372722712672335e-01+j7.78069411364569529788e-01
  -4.17280662470687513377e-01+j8.15696150485334281477e-01
  -3.20515578926930111425e-01+j8.39912316547325565885e-01
  -2.24304695531583053736e-01+j8.51007048209880934131e-01
  -1.30676768389761444045e-01+j8.49688686176318985765e-01
  -4.14087080818257222137e-02+j8.37022251710472731112e-01
  +4.20422282504342367804e-02+j8.14344718283603219433e-01
  +1.18576232676098777818e-01+j7.83168747577491664025e-01
  +1.87458526248546586412e-01+j7.45085908840375843454e-01
  +2.48300482819320211814e-01+j7.01678843940832130954e-01
  +3.01020702315299093499e-01+j6.54449030654569385845e-01
  +3.45793531111524776733e-01+j6.04763546764708115333e-01
  +3.82992243208966076651e-01+j5.53821260325664366242e-01
  +4.13132862832391090091e-01+j5.02636621589771181995e-01
  +4.36822919235690720896e-01+j4.52037873662545108822e-01
  +4.54717696862434128668e-01+j4.02675965569325888804e-01
  +4.67485056455829273148e-01+j3.55040545374980309745e-01
  +4.75778787056145291423e-01+j3.09479896238017637700e-01
  +4.80219722933279413724e-01+j2.66222343816652995407e-01
  +4.81383471474158497472e-01+j2.25397353574733699810e-01
  +4.79793465697097076816e-01+j1.87055155575566733894e-01
  +4.75918093521765728227e-01+j1.51184236868635440976e-01
  +4.70170792809276927304e-01+j1.17726417407235300905e-01
  +4.62912182294220597711e-01+j8.65894853120609542252e-02
  +4.54453487570244507587e-01+j5.76575316836938703280e-02
  +4.45060696775900488387e-01+j3.07992169085347863855e-02
  +4.34959031924213423981e-01+j5.87424054705720961878e-03
  +4.24337445490067965981e-01-j1.72617071582195323598e-02
  +4.13352948765247252272e-01-j3.87532490442602170488e-02
  +4.02134651677829413341e-01-j5.87426431696445594532e-02
  +3.90787447175708346769e-01-j7.73679174654595958049e-02
  +3.79395310871284363596e-01-j9.47616426941252087968e-02
  +3.68024212042843246184e-01-j1.11050199399610471929e-01
  +3.56724648343128503125e-01-j1.26353421360304279952e-01
  +3.45533826146611600105e-01-j1.40784521316897837107e-01
  +3.34477513297481487964e-01-j1.54450224401488200865e-01
  +3.23571592555341680519e-01-j1.67451050961985314913e-01
  +3.12823343343137660888e-01-j1.79881703709892176724e-01
  +3.02232477245022279622e-01-j1.91831524713715034780e-01
  +2.91791949606412415186e-01-j2.03384996100112958040e-01
  +2.81488565899663145675e-01-j2.14622264757731190388e-01
  +2.71303397446053584652e-01-j2.25619676156416842927e-01
  +2.61212016734635510407e-01-j2.36450305827107187806e-01
  +2.51184557980309253189e-01-j2.47184479255822348032e-01
  +2.41185603685721811074e-01-j2.57890272018184651959e-01
  +2.31173892734780533909e-01-j2.68633981927069942497e-01
  +2.21101839831021024230e-01-j2.79480563701587914061e-01
  +2.10914849748858101997e-01-j2.90494013994352207053e-01
  +2.00550402703859903530e-01-j3.01737690190240326338e-01
  +1.89936878642127965344e-01-j3.13274539430293708087e-01
  +1.78992080796792601971e-01-j3.25167205859315022742e-01
  +1.67621407597127458633e-01-j3.37477970406611371690e-01
  +1.55715601481039495058e-01-j3.50268450085017668538e-01
  +1.43148009180604190993e-01-j3.63598970685071354314e-01
  +1.29771258214649437557e-01-j3.77527475807688694953e-01
  +1.15413249571353404566e-01-j3.92107785142462861305e-01
  +9.98723592488932887523e-02-j4.07386938228733175293e-01
  +8.29117459951960455999e-02-j4.23401254013611838545e-01
  +6.42526897495432069984e-02-j4.40170590528922267559e-01
  +4.35669542274913015878e-02-j4.57690090291072326778e-01
  +2.04683104810170109211e-02-j4.75918432007961245134e-01
  -5.49637016801863415028e-03-j4.94761266968589685789e-01
  -3.48555572863627066704e-02-j5.14048104100870095756e-01
  -6.82193059629772058372e-02-j5.33500450708994211624e-01
  -1.06280198662295377598e-01-j5.52688628934752901323e-01
  -1.49803692200234317422e-01-j5.70974660216859830619e-01
  -1.99599340460370283656e-01-j5.87439452772403614134e-01
  -2.56459936665910159803e-01-j6.00795324252555107414e-01
  -3.21050505835534349952e-01-j6.09291349218739730631e-01
  -3.93725275872683466716e-01-j6.10631536516734518827e-01
  -4.74253278895730157050e-01-j6.01946573176803667593e-01
  -5.61451621075751305945e-01-j5.79887748670968927733e-01
  -6.52772751493187142202e-01-j5.40936014942302811903e-01
  -7.43975501948990869394e-01-j4.82011483639229965092e-01
  -8.29107347751845025208e-01-j4.01383745441990513747e-01
  -9.01058650179767273158e-01-j2.99692250314873454009e-01
  -9.52799650610218651359e-01-j1.80650609195722344769e-01
  -9.79038609613644972285e-01-j5.09291224734371994476e-02
  -9.77645285627845694876e-01+j8.10037607075282384272e-02
  -9.50144537831959401508e-01+j2.06722408853460826172e-01
  -9.01053413490579990786e-01+j3.19579626440776864982e-01
  -8.36466931153189041659e-01+j4.15654173601246734737e-01
  -7.62585250128128722125e-01+j4.93746364221477329615e-01
  -6.84689950683446624247e-01+j5.54729357321572580375e-01
  -6.06700488677702542972e-01+j6.00701464052870170995e-01
  -5.31174407647720836501e-01+j6.34254996413294636071e-01
  -4.59539712974176617344e-01+j6.57982616870263825604e-01
  -3.92392526845771971722e-01+j6.74209362686680857557e-01
  -3.29767794934224145464e-01+j6.84886227667720226542e-01
  -2.71348796894034016702e-01+j6.91579213132533121566e-01
  -2.16613408697669429515e-01+j6.95504841793864736488e-01
  -1.64928143764106860392e-01+j6.97581740818663309511e-01
  -1.15603651100539842056e-01+j6.98481814071839179903e-01
</dep>
<dep S[1,2] frequency>
  +3.52535686413507576287e-01+j3.38091316254835128063e-01
  +3.58786448674638935863e-01+j2.95545755129154430474e-01
  +3.61245253699464530239e-01+j2.56096914187580126931e-01
  +3.60649868855813071633e-01+j2.19740141094875329753e-01
  +3.57631102853555926657e-01+j1.86388739535241459988e-01
  +3.52720908065069727044e-01+j1.55901708284366030677e-01
  +3.46362759301863443184e-01+j1.28104742162400975225e-01
  +3.38922753567224732674e-01+j1.02805693104209561195e-01
  +3.30700471276392071740e-01+j7.98056364756225822266e-02
  +3.21939057460142175060e-01+j5.89065466970377510370e-02
  +3.12834260535817476612e-01+j3.99164164102064622508e-02
  +3.03542343427342431461e-01+j2.26524871041144902628e-02
  +2.94186887834948396225e-01+j6.94311155023809214309e-03
  +2.84864570739918332443e-01-j7.37135511152793750089e-03
  +2.75650019742347929252e-01-j2.04383382700141953692e-02
  +2.66599862350537730737e-01-j3.23932813265151164916e-02
  +2.57756081773174106075e-01-j4.33601782579167913112e-02
  +2.49148783244885763111e-01-j5.34522870350436773990e-02
  +2.40798463666688222773e-01-j6.27729434760673915550e-02
  +2.32717865308839755301e-01-j7.14164200776425395212e-02
  +2.24913482612028370333e-01-j7.94687926237433589494e-02
  +2.17386780308625737757e-01-j8.70087906068311434105e-02
  +2.10135171415378047000e-01-j9.41086170086937318091e-02
  +2.03152795173074052215e-01-j1.00834729770114178704e-01
  +1.96431127666708948976e-01-j1.07248582077366733101e-01
  +1.89959451532365986015e-01-j1.13407321969335908585e-01
  +1.83725205697578275466e-01-j1.19364454139194442472e-01
  +1.77714231353317375639e-01-j1.25170468479200935885e-01
  +1.71910926158699906008e-01-j1.30873441126984735305e-01
  +1.66298314874969821453e-01-j1.36519614688138168912e-01
  +1.60858041051924860465e-01-j1.42153965061682902027e-01
  +1.55570280878870703667e-01-j1.47820762978192049575e-01
  +1.50413576678690069643e-01-j1.53564139046984599046e-01
  +1.45364583554136117538e-01-j1.59428661850802261268e-01
  +1.40397718132249882395e-01-j1.65459939456469640184e-01
  +1.35484692869543676963e-01-j1.71705255638703147003e-01
  +1.30593912551717650228e-01-j1.78214253120575427669e-01
  +1.25689700876751631053e-01-j1.85039677147815828651e-01
  +1.20731313570717396777e-01-j1.92238193583048222468e-01
  +1.15671679274259447956e-01-j1.99871296139621179577e-01
  +1.10455788947488461882e-01-j2.08006316847034383732e-01
  +1.05018626649084748093e-01-j2.16717551423971643842e-01
  +9.92824962442941522101e-02-j2.26087505316671016908e-01
  +9.31535456148819551725e-02-j2.36208253948642005193e-01
  +8.65172162191214094706e-02-j2.47182887400690581847e-01
  +7.92322428207114931586e-02-j2.59126966958360238635e-01
  +7.11226839416172623709e-02-j2.72169844252356130099e-01
  +6.19672619019535006468e-02-j2.86455557838163898943e-01
  +5.14850113500001649314e-02-j3.02142782787075292461e-01
  +3.93158530961063013009e-02-j3.19402888339165691445e-01
  +2.49942065362130719230e-02-j3.38414419482713224596e-01
  +7.91313757095764985783e-03-j3.59351018198514837731e-01
  -1.27240908623363034591e-02-j3.82357515504218592461e-01
  -3.79684924664107220638e-02-j4.07504932471963510210e-01
  -6.92082573687410607111e-02-j4.34708251964431580117e-01
  -1.08267632348634276762e-01-j4.63579374159607482397e-01
  -1.57504722834001104070e-01-j4.93169990316015882659e-01
  -2.19853760160011707514e-01-j5.21536488806285003506e-01
  -2.98672325234234814495e-01-j5.45045996312930713934e-01
  -3.97087635388950588311e-01-j5.57395805338224192838e-01
  -5.16297081217312214818e-01-j5.48592696618786512808e-01
  -6.52223907185907725292e-01-j5.04905567698549440081e-01
  -7.90964112297465549162e-01-j4.12050865012067890625e-01
  -9.06773006845548179555e-01-j2.63813271110023506161e-01
  -9.69517629341005715560e-01-j7.28017311018721857696e-02
  -9.62008555938191456391e-01+j1.28843521838787195000e-01
  -8.91792507847607773819e-01+j3.05678297611617910690e-01
  -7.83864251586086635548e-01+j4.37509442463252629096e-01
  -6.64030614464215851456e-01+j5.23062022340051280267e-01
  -5.49185024719835213070e-01+j5.71778218147828365403e-01
  -4.46937458627326145155e-01+j5.95284861689007627206e-01
  -3.58961235725817062736e-01+j6.03242171842685137584e-01
  -2.84070241560412939386e-01+j6.02472885315493145164e-01
  -2.20052449453687876124e-01+j5.97421003557411900431e-01
  -1.64536361708246703373e-01+j5.90861308864674361629e-01
  -1.15316133549086152765e-01+j5.84487759296970277312e-01
  -7.04183091447676684504e-02+j5.79319553601470249582e-01
  -2.80568259320229107523e-02+j5.75956166981069328514e-01
  +1.34585673390228612728e-02+j5.74722775916481687375e-01
  +5.58369526436055113594e-02+j5.75733960259745880528e-01
  +1.00939948843787097310e-01+j5.78884633917838842265e-01
  +1.50937550122363400851e-01+j5.83754572973892327248e-01
  +2.08484267741856132972e-01+j5.89381507408761162736e-01
  +2.76884253081144837694e-01+j5.93808884648984180998e-01
  +3.60119740777891328420e-01+j5.93243579105720231226e-01
  +4.62359140267061652363e-01+j5.80603798350463717881e-01
  +5.85966275043243833842e-01+j5.43428405163234873321e-01
  +7.26134168231972632057e-01+j4.62376669253071914678e-01
  +8.60937025552838242071e-01+j3.15398112724171564292e-01
  +9.44454327008372063190e-01+j9.66598680307974994497e-02
  +9.27204289521559754661e-01-j1.55921143036822973382e-01
  +8.05344193192349400157e-01-j3.70295225416552020725e-01
  +6.30495016187102241823e-01-j4.99541541027376856388e-01
  +4.59114515622292107544e-01-j5.49502383745508415913e-01
  +3.18060487569144345610e-01-j5.50468473364162269590e-01
  +2.10168682958177338582e-01-j5.29111668970608572948e-01
  +1.28764092443242023078e-01-j5.01589780986178346289e-01
  +6.55636131992582138484e-02-j4.76320143984917510060e-01
  +1.29348304217823482226e-02-j4.57650052415518315829e-01
  -3.65344042415620892661e-02-j4.48320817231471158149e-01
  -9.22318055324104213444e-02-j4.50813658404964512361e-01
  -1.71237107583521008802e-01-j4.66995753173970795658e-01
  -3.14872565029090945021e-01-j4.87760871855867361724e-01
  -6.10944955285529833766e-01-j4.03671927367109106832e-01
  -7.51078454818958962669e-01+j1.55404237217145801964e-01
  -2.86021686852429679604e-01+j3.70916169052298627662e-01
  -7.97099356082944798807e-02+j2.49491672248473655982e-01
  -1.94924215410841004947e-02+j1.57750604905854102666e-01
  -2.41565774350646330151e-04+j1.03165659370745510515e-01
  +6.06365727867159975961e-03+j6.97893101562389733816e-02
  +7.72427248095805540906e-03+j4.84198629166176092165e-02
  +7.61089769463480295131e-03+j3.41961926766940066402e-02
  +6.83537657569542687203e-03+j2.44413026604554453614e-02
  +5.85975457177041920975e-03+j1.75989601311910860704e-02
  +4.88155280339396240724e-03+j1.27190382478067718491e-02
  +3.98303516928990002793e-03+j9.19690249392748383761e-03
  +3.19405592405670431602e-03+j6.63424329869980160951e-03
  +2.52022478771338296483e-03+j4.76098777336184282583e-03
  +1.95610788368726432052e-03+j3.38952740743824615377e-03
  +1.49159418935307570321e-03+j2.38685167119246938877e-03
  +1.11500058549026271476e-03+j1.65701743481042680813e-03
  +8.14569882019230018938e-04+j1.12980303902881704103e-03
  +5.79160900791188498586e-04+j7.53181963055377210088e-04
  +3.98529930504966812405e-04+j4.88222130362508347379e-04
  +2.63408565426496337272e-04+j3.05564086425792605980e-04
  +1.65485485840230288866e-04+j1.82949612751556837118e-04
  +9.73497078000022761802e-05+j1.03462860819172080998e-04
  +5.24268125726034715187e-05+j5.42630001722830239289e-05
  +2.49261932522210882790e-05+j2.56606678850164587869e-05
  +9.81065431800351903080e-06+j1.04372369564902876669e-05
  +2.79681058762842520507e-06+j3.33601129766223377624e-06
  +3.94135448743125733852e-07+j6.73769722937944333248e-07
  -8.55030974466369154298e-09+j3.30951883525109522838e-08
  +1.79524048864101836183e-09+j2.63706434428906122851e-09
  +7.99362276976689951404e-08-j6.51200190991520815590e-08
  +1.43128547195409164771e-06-j3.10592597024001288553e-07
  +7.23712439006943413530e-06-j6.76350063796488276074e-07
  +2.32289585512527274830e-05-j1.31846688270530939831e-06
  +5.84552514001259452452e-05-j3.18890035303676375514e-06
  +1.26297245029827984739e-04-j8.88864341570404230166e-06
  +2.45807808318402026132e-04-j2.39398774511190222695e-05
  +4.43468823088802169882e-04-j5.87017042166886987261e-05
  +7.55488490015106522318e-04-j1.31275439595338760555e-04
  +1.23078825217121080003e-03-j2.71941259150777867471e-04
  +1.93485321205270270443e-03-j5.29989498134107229511e-04
  +2.95462163096445922308e-03-j9.84349060773025315296e-04
  +4.40452113566121121468e-03-j1.76034157568830378765e-03
  +6.43350257476363578818e-03-j3.05652482962060888932e-03
  +9.23217483902097867110e-03-j5.18856351924648021706e-03
  +1.30371184160933181045e-02-j8.66265844111806064543e-03
  +1.81240200888395271150e-02-j1.43019518385580253483e-02
  +2.47663421604998566783e-02-j2.34712287739828467936e-02
  +3.30933184997816987050e-02-j3.84903237464415542979e-02
  +4.26496630458832876043e-02-j6.34182198368839766811e-02
  +5.10262037404395005225e-02-j1.05547769510075106769e-01
  +4.94045429115135201203e-02-j1.77952187552636587053e-01
  +7.58844157964903322233e-03-j3.00562509026504331988e-01
  -1.67616812441049367610e-01-j4.70155074819376184170e-01
  -5.99580494690281518011e-01-j4.75857536435870420721e-01
  -9.02323688148059521730e-01-j2.19123484241839049103e-02
  -7.72191367179756227301e-01+j3.97949738848723311158e-01
  -5.55510406434124748287e-01+j5.95109000791168019084e-01
  -3.69809924927170352582e-01+j6.92842199302477479428e-01
  -2.07252119775666932000e-01+j7.52924249001092560363e-01
  -5.10384637360803486428e-02+j7.92071906185927154809e-01
  +1.08545882231393803208e-01+j8.10453554179924706702e-01
  +2.73911037277339286522e-01+j8.02439490604854532840e-01
  +4.41079453141689448170e-01+j7.61548552681587609392e-01
  +6.01124748301136713202e-01+j6.83851421704014028613e-01
  +7.42693198171718416134e-01+j5.70278388786982004532e-01
  +8.55279417192731927777e-01+j4.27155052018796554947e-01
  +9.32040177259078062022e-01+j2.64725018477702245256e-01
  +9.71001507536097263618e-01+j9.44814590528984810103e-02
  +9.74482566935125249508e-01-j7.33386540944336029479e-02
  +9.47486230255328854000e-01-j2.31174864172650706973e-01
  +8.96004788491792436567e-01-j3.74383553169133187488e-01
  +8.25808816535494760736e-01-j5.00731506935697234795e-01
  +7.41828661746881667938e-01-j6.09638586914644564629e-01
  +6.47984176569174508131e-01-j7.01484819809524928758e-01
  +5.47266657032790648785e-01-j7.77102783090478976824e-01
  +4.41922702836517689029e-01-j8.37458405223863056044e-01
  +3.33652702766672359935e-01-j8.83477273879485935915e-01
  +2.23784114901485420290e-01-j9.15967839949334283745e-01
  +1.13407335693854180447e-01-j9.35602630506890298179e-01
  +3.47516798387997004338e-03-j9.42930853997003382005e-01
  -1.05128165415331639720e-01-j9.38405845612667266487e-01
  -2.11541614936498340027e-01-j9.22417802810075126985e-01
  -3.14899405735108051108e-01-j8.95326718261109655295e-01
  -4.14315787751620090429e-01-j8.57493098982796575491e-01
  -5.08878816949932755165e-01-j8.09305603208606449961e-01
  -5.97650635261478657689e-01-j7.51205566899025400929e-01
  -6.79672620388546810943e-01-j6.83708797407374002653e-01
  -7.53974518854995445771e-01-j6.07425133681769757743e-01
  -8.19587278453131728995e-01-j5.23076188548557530211e-01
  -8.75559766140443840321e-01-j4.31511436434611594937e-01
  -9.20979879836164805340e-01-j3.33722409304757938742e-01
  -9.55000701284172026639e-01-j2.30854235505670829509e-01
  -9.76872238835639006282e-01-j1.24213138650478754910e-01
  -9.85978913463499639924e-01-j1.52678767885256975317e-02
  -9.81882200168865626466e-01+j9.43574400012754943567e-02
  -9.64366742011117272781e-01+j2.02902001016259353472e-01
  -9.33486873311822784594e-01+j3.08501094811098608428e-01
  -8.89609001260026510671e-01+j4.09234920474381091982e-01
  -8.33444008404848446503e-01+j5.03193680257783437781e-01
  -7.66063164326586942821e-01+j5.88556879356858408947e-01
  -6.88891406947038209552e-01+j6.63681920930685120830e-01
  -6.03673585550430713553e-01+j7.27194272743287184468e-01
  -5.12412372722712450290e-01+j7.78069411364569418765e-01
  -4.17280662470687568888e-01+j8.15696150485334281477e-01
  -3.20515578926929500803e-01+j8.39912316547325454863e-01
  -2.24304695531582609647e-01+j8.51007048209880823109e-01
  -1.30676768389761721600e-01+j8.49688686176319096788e-01
  -4.14087080818257499693e-02+j8.37022251710472731112e-01
  +4.20422282504341257581e-02+j8.14344718283603219433e-01
  +1.18576232676098777818e-01+j7.83168747577491664025e-01
  +1.87458526248546836213e-01+j7.45085908840375843454e-01
  +2.48300482819320600392e-01+j7.01678843940832019932e-01
  +3.01020702315299093499e-01+j6.54449030654569385845e-01
  +3.45793531111524998778e-01+j6.04763546764708337378e-01
  +3.82992243208966021140e-01+j5.53821260325664366242e-01
  +4.13132862832391090091e-01+j5.02636621589771515062e-01
  +4.36822919235690609874e-01+j4.52037873662544720244e-01
  +4.54717696862434295202e-01+j4.02675965569326110849e-01
  +4.67485056455829384170e-01+j3.55040545374980587301e-01
  +4.75778787056145346934e-01+j3.09479896238017360144e-01
  +4.80219722933279524746e-01+j2.66222343816653217452e-01
  +4.81383471474158219916e-01+j2.25397353574733727566e-01
  +4.79793465697097021305e-01+j1.87055155575566622872e-01
  +4.75918093521765728227e-01+j1.51184236868635329953e-01
  +4.70170792809277093838e-01+j1.17726417407235411927e-01
  +4.62912182294220431178e-01+j8.65894853120610513697e-02
  +4.54453487570244396565e-01+j5.76575316836937870613e-02
  +4.45060696775900488387e-01+j3.07992169085348106716e-02
  +4.34959031924213535003e-01+j5.87424054705718533265e-03
  +4.24337445490068077003e-01-j1.72617071582194872570e-02
  +4.13352948765247252272e-01-j3.87532490442602239877e-02
  +4.02134651677829413341e-01-j5.87426431696445594532e-02
  +3.90787447175708291258e-01-j7.73679174654596235605e-02
  +3.79395310871284197063e-01-j9.47616426941253059413e-02
  +3.68024212042843135162e-01-j1.11050199399610582951e-01
  +3.56724648343128503125e-01-j1.26353421360304335463e-01
  +3.45533826146611766639e-01-j1.40784521316897837107e-01
  +3.34477513297481376942e-01-j1.54450224401488284132e-01
  +3.23571592555341625008e-01-j1.67451050961985287158e-01
  +3.12823343343137660888e-01-j1.79881703709892148968e-01
  +3.02232477245022224110e-01-j1.91831524713714896002e-01
  +2.91791949606412415186e-01-j2.03384996100112958040e-01
  +2.81488565899663145675e-01-j2.14622264757731190388e-01
  +2.71303397446053529141e-01-j2.25619676156416815171e-01
  +2.61212016734635399384e-01-j2.36450305827107326584e-01
  +2.51184557980309197678e-01-j2.47184479255822486810e-01
  +2.41185603685721672296e-01-j2.57890272018184707470e-01
  +2.31173892734780533909e-01-j2.68633981927069998008e-01
  +2.21101839831021107496e-01-j2.79480563701588136105e-01
  +2.10914849748858046485e-01-j2.90494013994352373587e-01
  +2.00550402703859848019e-01-j3.01737690190240381849e-01
  +1.89936878642128048611e-01-j3.13274539430293652575e-01
  +1.78992080796792518704e-01-j3.25167205859315022742e-01
  +1.67621407597127486389e-01-j3.37477970406611371690e-01
  +1.55715601481039578324e-01-j3.50268450085017668538e-01
  +1.43148009180604190993e-01-j3.63598970685071354314e-01
  +1.29771258214649437557e-01-j3.77527475807688694953e-01
  +1.15413249571353196399e-01-j3.92107785142462583750e-01
  +9.98723592488932887523e-02-j4.07386938228733397338e-01
  +8.29117459951960733555e-02-j4.23401254013611838545e-01
  +6.42526897495432347540e-02-j4.40170590528922156537e-01
  +4.35669542274911975044e-02-j4.57690090291071993711e-01
  +2.04683104810169276544e-02-j4.75918432007961189623e-01
  -5.49637016801855001619e-03-j4.94761266968589630277e-01
  -3.48555572863627968760e-02-j5.14048104100870095756e-01
  -6.82193059629773584929e-02-j5.33500450708994211624e-01
  -1.06280198662295322087e-01-j5.52688628934752790300e-01
  -1.49803692200234206400e-01-j5.70974660216859497552e-01
  -1.99599340460370283656e-01-j5.87439452772403614134e-01
  -2.56459936665910159803e-01-j6.00795324252555107414e-01
  -3.21050505835534349952e-01-j6.09291349218739619609e-01
  -3.93725275872683577738e-01-j6.10631536516734740871e-01
  -4.74253278895730157050e-01-j6.01946573176804000660e-01
  -5.61451621075751194923e-01-j5.79887748670968927733e-01
  -6.52772751493187031180e-01-j5.40936014942302811903e-01
  -7.43975501948990869394e-01-j4.82011483639229965092e-01
  -8.29107347751844470096e-01-j4.01383745441990125169e-01
  -9.01058650179767717248e-01-j2.99692250314873676054e-01
  -9.52799650610218429314e-01-j1.80650609195722428035e-01
  -9.79038609613644639218e-01-j5.09291224734372827143e-02
  -9.77645285627845916920e-01+j8.10037607075279608715e-02
  -9.50144537831959401508e-01+j2.06722408853460826172e-01
  -9.01053413490580323852e-01+j3.19579626440777309071e-01
  -8.36466931153188819614e-01+j4.15654173601246401670e-01
  -7.62585250128128722125e-01+j4.93746364221477163081e-01
  -6.84689950683446846291e-01+j5.54729357321572580375e-01
  -6.06700488677702653995e-01+j6.00701464052870504062e-01
  -5.31174407647720503434e-01+j6.34254996413293969937e-01
  -4.59539712974176617344e-01+j6.57982616870263714581e-01
  -3.92392526845772027233e-01+j6.74209362686680857557e-01
  -3.29767794934223812398e-01+j6.84886227667720115520e-01
  -2.71348796894034016702e-01+j6.91579213132533121566e-01
  -2.16613408697669401759e-01+j6.95504841793864514443e-01
  -1.64928143764107026925e-01+j6.97581740818663531556e-01
  -1.15603651100539980834e-01+j6.98481814071839401947e-01
</dep>
<dep S[1,1] frequency>
  -5.89926508085963030581e-01+j6.28156281831551366324e-01
  -5.49526467410392127633e-01+j6.81096867717435383582e-01
  -5.05760921227732418437e-01+j7.28557994696453437022e-01
  -4.59459340734993393340e-01+j7.70652720237418487059e-01
  -4.11332877458613133115e-01+j8.07574285787120205171e-01
  -3.61983369134434518344e-01+j8.39567746245268864413e-01
  -3.11914594899045216625e-01+j8.66908445596403676170e-01
  -2.61544218281429152739e-01+j8.89886128345208859969e-01
  -2.11215454122708645723e-01+j9.08793530028799700915e-01
  -1.61207915025892489780e-01+j9.23918431773037229782e-01
  -1.11747373249673875861e-01+j9.35538334378406499781e-01
  -6.30143522134275213542e-02+j9.43917074466977146230e-01
  -1.51515686858612243920e-02+j9.49302853518856348813e-01
  +3.17296942485693067582e-02+j9.51927274849819093916e-01
  +7.75441752286596119870e-02+j9.52005083736133572714e-01
  +1.22228066419894282335e-01+j9.49734384492919136989e-01
  +1.65735173989847800469e-01+j9.45297168772626039690e-01
  +2.08033700329001453033e-01+j9.38860035136358850316e-01
  +2.49103552028256236550e-01+j9.30575014183745441443e-01
  +2.88934089370288971210e-01+j9.20580438838939474344e-01
  +3.27522244517618021931e-01+j9.09001817912529208598e-01
  +3.64870946088389935813e-01+j8.95952684469588644944e-01
  +4.00987797131983680909e-01+j8.81535400128322876867e-01
  +4.35883961572266831475e-01+j8.65841903177066773978e-01
  +4.69573221006823304791e-01+j8.48954393069990764786e-01
  +5.02071169417078633224e-01+j8.30945946994695261445e-01
  +5.33394517957640146300e-01+j8.11881066203806733839e-01
  +5.63560485651966036613e-01+j7.91816150964163134596e-01
  +5.92586254610555140943e-01+j7.70799903514724271680e-01
  +6.20488470368154243495e-01+j7.48873658490671667565e-01
  +6.47282769142383140881e-01+j7.26071639972234117444e-01
  +6.72983314245953700983e-01+j7.02421143725641794475e-01
  +6.97602323495681853061e-01+j6.77942642369967707339e-01
  +7.21149568160817100448e-01+j6.52649810160935262005e-01
  +7.43631821621926203392e-01+j6.26549462859397610082e-01
  +7.65052232226354433919e-01+j5.99641406779233165913e-01
  +7.85409589469553304220e-01+j5.71918189636292262357e-01
  +8.04697445088109697409e-01+j5.43364744336151228588e-01
  +8.22903040187785039805e-01+j5.13957915507266771549e-01
  +8.40005975106691504806e-01+j4.83665857705739166139e-01
  +8.55976538853302271193e-01+j4.52447294316956571958e-01
  +8.70773587561281536829e-01+j4.20250628186045416257e-01
  +8.84341823478709154749e-01+j3.87012900536321202694e-01
  +8.96608273300944169648e-01+j3.52658606571006671970e-01
  +9.07477691109730644214e-01+j3.17098399117795304303e-01
  +9.16826508242128079829e-01+j2.80227754102411741322e-01
  +9.24494808151984481803e-01+j2.41925747997181528337e-01
  +9.30275602549473168423e-01+j2.02054232915424847317e-01
  +9.33900404964484787129e-01+j1.60457933933187413267e-01
  +9.35019715505885917750e-01+j1.16966413361911381052e-01
  +9.33176526655646765285e-01+j7.13995854780458683031e-02
  +9.27770343009136411183e-01+j2.35797649043201218433e-02
  +9.18008577362229294394e-01-j2.66444840399340243664e-02
  +9.02841890669588531537e-01-j7.93534372768378570839e-02
  +8.80881067111921156609e-01-j1.34474104630536328564e-01
  +8.50297861519383912920e-01-j1.91633343657827692752e-01
  +8.08726867403986027227e-01-j2.49900932265264108523e-01
  +7.53222849106192082758e-01-j3.07354719207141524606e-01
  +6.80413030563592258204e-01-j3.60386961457715038204e-01
  +5.87150213219596373015e-01-j4.02724106882724974810e-01
  +4.72211509875238910627e-01-j4.24406539392222392770e-01
  +3.39641766784741949703e-01-j4.11741707866565220808e-01
  +2.03305553859151666440e-01-j3.50490147772220317357e-01
  +8.88992297762748462375e-02-j2.34486860161755295007e-01
  +2.64968028577111658350e-02-j7.63981464493511119862e-02
  +3.32159560395852704318e-02+j9.15704262658743883829e-02
  +1.01422697879431367163e-01+j2.33900270861506609510e-01
  +2.06015966331277555756e-01+j3.30313531554052686179e-01
  +3.21059120655442842285e-01+j3.79438866405151564720e-01
  +4.29499580196919750197e-01+j3.90608797394655038460e-01
  +5.23531268862819754162e-01+j3.75325604240791033117e-01
  +6.01237783852674345653e-01+j3.43108429666869052532e-01
  +6.63501807555244238479e-01+j3.00621008895164465446e-01
  +7.12153610328272068664e-01+j2.52129662281131594614e-01
  +7.49080190701723491742e-01+j2.00213479626541734913e-01
  +7.75866651285959552098e-01+j1.46356229087007599921e-01
  +7.93683075183380770667e-01+j9.13613853422362426349e-02
  +8.03264779634033643241e-01+j3.56263526178171030523e-02
  +8.04913074328078570474e-01-j2.06738859348935266613e-02
  +7.98482515414593918557e-01-j7.74493993405585279266e-02
  +7.83337811407569861721e-01-j1.34564480809212183576e-01
  +7.58271984889558825493e-01-j1.91668931896390420944e-01
  +7.21388231596336693130e-01-j2.47927504671481557796e-01
  +6.69979260161174150490e-01-j3.01542138220508015856e-01
  +6.00532449189848493987e-01-j3.48895353801105478908e-01
  +5.09246804125070617886e-01-j3.83090928028847144127e-01
  +3.94042007941546090777e-01-j3.91860638796244109550e-01
  +2.59937440799141827874e-01-j3.56064750156040277229e-01
  +1.29008298400187570998e-01-j2.53865274600558521456e-01
  +4.72651823859564501618e-02-j7.96593514400761176786e-02
  +6.42196124195130169099e-02+j1.28379529381387275100e-01
  +1.83676897318784226876e-01+j2.97905475363987093385e-01
  +3.53896613706975837754e-01+j3.81642927316893365575e-01
  +5.18192068852717735439e-01+j3.84993152627757240225e-01
  +6.49318369952012308666e-01+j3.37677715783840370900e-01
  +7.43807497059300271047e-01+j2.65606579702805767340e-01
  +8.07296075057791662211e-01+j1.83880597817958568729e-01
  +8.46309074184776410910e-01+j9.94001293124686380320e-02
  +8.65346504648982439711e-01+j1.42708392075489576278e-02
  +8.65825425588495400930e-01-j7.21212275174754474660e-02
  +8.44517619282049936125e-01-j1.62068915120024775733e-01
  +7.88591753617262192222e-01-j2.58036753732190482502e-01
  +6.59663368526897664346e-01-j3.51771041674436402147e-01
  +3.71975465094908419594e-01-j3.34710199598504953844e-01
  +2.35350774602074763742e-01+j1.62473567325048806609e-01
  +7.00074711653316139603e-01+j3.20523514388887320603e-01
  +9.02959885774544446235e-01+j1.45464592185892138687e-01
  +9.57203991915571261728e-01+j3.40761231128305919214e-03
  +9.68338402806645293097e-01-j9.86020614813323814651e-02
  +9.64684605223886215697e-01-j1.76869816746000246832e-01
  +9.54768466173567365018e-01-j2.40896846171350015320e-01
  +9.41629375351861530596e-01-j2.95794961930802680072e-01
  +9.26505837621565908613e-01-j3.44451035754963608149e-01
  +9.09954535206470405129e-01-j3.88596962146481206268e-01
  +8.92242970401611823483e-01-j4.29329715819098067797e-01
  +8.73504172596242578486e-01-j4.67376362444947068830e-01
  +8.53803600958884523209e-01-j5.03236797202808117113e-01
  +8.33170359657528392106e-01-j5.37264727416540188720e-01
  +8.11612711990183477440e-01-j5.69715785390005668987e-01
  +7.89126214327717456776e-01-j6.00777281129982188013e-01
  +7.65698180709565634494e-01-j6.30587244923817347164e-01
  +7.41310232625588039213e-01-j6.59246974451629053071e-01
  +7.15939806489329089167e-01-j6.86829501595420000015e-01
  +6.89561072322839585524e-01-j7.13385412046128708496e-01
  +6.62145508885412903410e-01-j7.38946894588343616839e-01
  +6.33662272708673257604e-01-j7.63530571072860264614e-01
  +6.04078440731306232081e-01-j7.87139461116844740829e-01
  +5.73359174273699201407e-01-j8.09764312940104091787e-01
  +5.41467833925084573998e-01-j8.31384453128571343505e-01
  +5.08366064340074030881e-01-j8.51968256124188916267e-01
  +4.74013861668521385706e-01-j8.71473298591822209680e-01
  +4.38369632577282175578e-01-j8.89846238221071894614e-01
  +4.01390251559718358454e-01-j9.07022436975303936180e-01
  +3.63031121895387554055e-01-j9.22925332587524849259e-01
  +3.23246244887876399421e-01-j9.37465547205269533748e-01
  +2.81988301684373054989e-01-j9.50539706785570759351e-01
  +2.39208751974263805762e-01-j9.62028927399611211158e-01
  +1.94857954155016277475e-01-j9.71796902962186126551e-01
  +1.48885312214107529138e-01-j9.79687500272201305940e-01
  +1.01239455816262258203e-01-j9.85521727569087624410e-01
  +5.18684623878728837121e-02-j9.89093885798757788130e-01
  +7.20134396705393456731e-04-j9.90166627386863229532e-01
  -5.22576462407933275967e-02-j9.88464518939134340059e-01
  -1.07116446825292782608e-01-j9.83665503756558590176e-01
  -1.63906618282388116814e-01-j9.75389338216219092814e-01
  -2.22676277223523677584e-01-j9.63181544694416746921e-01
  -2.83469599530012217325e-01-j9.46490519604979985147e-01
  -3.46323686239057793035e-01-j9.24633846810174464537e-01
  -4.11262321448360501641e-01-j8.96746979830212009865e-01
  -4.78282663785382811117e-01-j8.61702018700347793789e-01
  -5.47325153959523413860e-01-j8.17973686692266443998e-01
  -6.18201590288765201464e-01-j7.63408153604477779375e-01
  -6.90412931885671987686e-01-j6.94805988539468621923e-01
  -7.62656487182682751857e-01-j6.07140112461924674747e-01
  -8.31388577852223642495e-01-j4.92073514823226310089e-01
  -8.86282645504861799068e-01-j3.35443099179387971276e-01
  -8.95153323439648596072e-01-j1.16242171123645654518e-01
  -7.62208605189623078502e-01+j1.63259889150734915919e-01
  -3.60734664238472224618e-01+j2.92844090361436326653e-01
  -7.24900339296449813808e-02-j2.31797688084184327906e-02
  -1.95963949389225955411e-01-j2.92027715595888137656e-01
  -3.78798054527403116332e-01-j3.27640216785774929242e-01
  -4.96941139485571226064e-01-j2.58224270166083624822e-01
  -5.52084423598690920976e-01-j1.53652370877324973009e-01
  -5.56793105123571385739e-01-j4.24421805343811187061e-02
  -5.20665820100285392513e-01+j5.99954788621023527018e-02
  -4.52520794591047825772e-01+j1.42317988560525826580e-01
  -3.62818883468102038048e-01+j1.95793413776289226824e-01
  -2.64268556465646065057e-01+j2.15499177589112855813e-01
  -1.70436142948090757487e-01+j2.01810435885369177100e-01
  -9.31022348563414481326e-02+j1.60610044985710520571e-01
  -3.98145548341556354544e-02+j1.01675029915497955324e-01
  -1.29042538727432987145e-02+j3.59498104132706317038e-02
  -1.02057645238365912732e-02-j2.69834984837474811670e-02
  -2.67641109320226333601e-02-j8.03327148462707613108e-02
  -5.65997039831154791223e-02-j1.20334079501578872229e-01
  -9.39727808588955437763e-02-j1.45738054186637044918e-01
  -1.34043730206219124934e-01-j1.57039720377511238247e-01
  -1.73076825820410007406e-01-j1.55769806781615810509e-01
  -2.08385098199320439871e-01-j1.43967710349828637018e-01
  -2.38167501228942091185e-01-j1.23840099962302135905e-01
  -2.61326112559302436988e-01-j9.75627313461130130090e-02
  -2.77303453167215219199e-01-j6.71774722807460256124e-02
  -2.85952350928006582276e-01-j3.45463079796392985577e-02
  -2.87437606766246689372e-01-j1.33635819176634862426e-03
  -2.82163868850899723917e-01+j3.09800706387702434741e-02
  -2.70723293050656066416e-01+j6.11195083566196742386e-02
  -2.53857344534507534117e-01+j8.79802571396418875427e-02
  -2.32428287350317230864e-01+j1.10636607938661202244e-01
  -2.07397010986144630929e-01+j1.28335365510984511506e-01
  -1.79804687765451498560e-01+j1.40495026131991218588e-01
  -1.50756325682959602119e-01+j1.46707609885443984732e-01
  -1.21404621691927852578e-01+j1.46742950770281016526e-01
  -9.29326958584299617216e-02+j1.40555068983940101290e-01
  -6.65343703234248240452e-02+j1.28290015298000714683e-01
  -4.33907265987258650153e-02+j1.10294246450620164746e-01
  -2.46418133817489781734e-02+j8.71221520315199754458e-02
  -1.13526714863519950782e-02+j5.95408295593162079085e-02
  -4.47337605190512022091e-03+j2.85296579574773334631e-02
  -4.79363329748558331111e-03-j4.72823877652653323800e-03
  -1.28936289793881442289e-02-j3.88657557956771648744e-02
  -2.90942481659352408796e-02-j7.23656824344183491338e-02
  -5.34112975131095513159e-02-j1.03610695693865495493e-01
  -8.55196589590613565068e-02-j1.30949836585400380962e-01
  -1.24733979052262980436e-01-j1.52779447528465506245e-01
  -1.70012119907850089984e-01-j1.67633677156495575211e-01
  -2.19985855248047479371e-01-j1.74276820533198872898e-01
  -2.73020165936794678707e-01-j1.71787672596112217516e-01
  -3.27298364034424693614e-01-j1.59625459729814400678e-01
  -3.80925951748209867809e-01-j1.37668262895878412699e-01
  -4.32042631443043445572e-01-j1.06218155497641575380e-01
  -4.78930165800542817500e-01-j6.59719692615268193947e-02
  -5.20104355263470097270e-01-j1.79616361433037607931e-02
  -5.54382133104117880151e-01+j3.65277346846061556906e-02
  -5.80918961332749006488e-01+j9.60514126807047730061e-02
  -5.99216293680924438902e-01+j1.59099247825371437060e-01
  -6.09102832714319863960e-01+j2.24181081284562822020e-01
  -6.10695952107823014643e-01+j2.89896730450058259798e-01
  -6.04350747319246872635e-01+j3.54987157457318680542e-01
  -5.90603895086486585519e-01+j4.18366401724470260426e-01
  -5.70118271038234758485e-01+j4.79136101897074728750e-01
  -5.43632587436442493711e-01+j5.36585786830332533981e-01
  -5.11918588366330862272e-01+j5.90182645253579885036e-01
  -4.75746855268390667071e-01+j6.39554387206950458733e-01
  -4.35861163230350512343e-01+j6.84468323209411422248e-01
  -3.92960605679428143233e-01+j7.24809120312738919267e-01
  -3.47688320047396970391e-01+j7.60557003329507264056e-01
  -3.00625517385484264388e-01+j7.91767550189291569041e-01
  -2.52289559871568591642e-01+j8.18553727922448182142e-01
  -2.03134969287103089863e-01+j8.41070440276129649426e-01
  -1.53556432638907558452e-01+j8.59501598634265784327e-01
  -1.03893061879650361323e-01+j8.74049564213350005382e-01
  -5.44333416741293318886e-02+j8.84926718545130608362e-01
  -5.42035175484004150270e-03+j8.92348879943689388128e-01
  +4.29430247991005320518e-02+j8.96530278553384185614e-01
  +9.04890981596065263615e-02+j8.97679818338793178434e-01
  +1.37080689985211834347e-01+j8.95998381409540911591e-01
  +1.82606835885614299242e-01+j8.91676961859474870309e-01
  +2.26978896394684881432e-01+j8.84895448691935704311e-01
  +2.70127074635215624898e-01+j8.75821907959176915170e-01
  +3.11997321889118217619e-01+j8.64612241695921324158e-01
  +3.52548601934357441756e-01+j8.51410125072959655945e-01
  +3.91750479312635069284e-01+j8.36347143406630300078e-01
  +4.29580994147652051041e-01+j8.19543067474914677106e-01
  +4.66024785624654991345e-01+j8.01106219386150231188e-01
  +5.01071426945260189889e-01+j7.81133892450775357830e-01
  +5.34713935891214520169e-01+j7.59712797551738816537e-01
  +5.66947426638921059272e-01+j7.36919515804349334331e-01
  +5.97767869852777300466e-01+j7.12820943219454994377e-01
  +6.27170929122749076789e-01+j6.87474717980149030438e-01
  +6.55150842322555826414e-01+j6.60929625134788478746e-01
  +6.81699316304743452299e-01+j6.33225977307911636061e-01
  +7.06804402384212604460e-01+j6.04395973752814841262e-01
  +7.30449318159889005031e-01+j5.74464044061437806299e-01
  +7.52611178248017820280e-01+j5.43447187512070439830e-01
  +7.73259592312771415479e-01+j5.11355324867354910090e-01
  +7.92355083571679830179e-01+j4.78191686816469618826e-01
  +8.09847271982793603939e-01+j4.43953275037099637235e-01
  +8.25672758368210635282e-01+j4.08631446100680750799e-01
  +8.39752644112200297144e-01+j3.72212680700181375304e-01
  +8.51989590650483741285e-01+j3.34679643751826516596e-01
  +8.62264328067668617273e-01+j2.96012666851516170752e-01
  +8.70431504764041408251e-01+j2.56191844049989625454e-01
  +8.76314765268357609429e-01+j2.15200007412964855469e-01
  +8.79700948741786170615e-01+j1.73026954528980758674e-01
  +8.80333328432130746144e-01+j1.29675445951753287588e-01
  +8.77903881703408939252e-01+j8.51696891076181850089e-02
  +8.72044723994228720976e-01+j3.95672900120074277908e-02
  +8.62319112301630830153e-01-j7.02400465562857956314e-03
  +8.48212909493149092022e-01-j5.44230339719061206871e-02
  +8.29128237791269873114e-01-j1.02343223362937663090e-01
  +8.04382430400799153247e-01-j1.50349289986933309926e-01
  +7.73217560525834124441e-01-j1.97800026669754658304e-01
  +7.34829079098499482470e-01-j2.43775407309099911846e-01
  +6.88426512713461447035e-01-j2.86989043368624185959e-01
  +6.33344286823337321302e-01-j3.25693479865856783118e-01
  +5.69224540917348642566e-01-j3.57598334742676882136e-01
  +4.96291278536532931565e-01-j3.79842016973810425728e-01
  +4.15716807421366685293e-01-j3.89085635795923034941e-01
  +3.30034131727909962883e-01-j3.81822054739205496432e-01
  +2.43465515447594232912e-01-j3.54985389732717981914e-01
  +1.61939756386203059790e-01-j3.06861333389294332896e-01
  +9.25373973001488714374e-02-j2.38107540645268844770e-01
  +4.22530889371504625451e-02-j1.52457931383111255919e-01
  +1.63366932896746863690e-02-j5.66052088063659919470e-02
  +1.68689101926270401677e-02+j4.09577113196524233985e-02
  +4.22666156604122322804e-02+j1.31778729253235998842e-01
  +8.79445188922731158065e-02+j2.09182290492323064157e-01
  +1.47727886627424365162e-01+j2.69217087807336830085e-01
  +2.15323595767435482795e-01+j3.10651944341590879883e-01
  +2.85341730506900093101e-01+j3.34327535571199874198e-01
  +3.53736588069682167390e-01+j3.42309331672003447355e-01
  +4.17803422364261156652e-01+j3.37157368278772850978e-01
  +4.75942415033338173114e-01+j3.21433918413278285620e-01
  +5.27356628285679973622e-01+j2.97437397423660099260e-01
  +5.71776018573173616666e-01+j2.67098604260024796719e-01
  +6.09241585387761519499e-01+j2.31973519780643788746e-01
  +6.39951513278923522776e-01+j1.93284089519132867840e-01
  +6.64158076835092314738e-01+j1.51977207712381434668e-01
  +6.82101442967796622874e-01+j1.08786283272771011621e-01
</dep>
